  -2.3667682e+00  -2.2766366e+00
   5.3326734e-01  -4.0861797e+00
  -1.7506712e+00  -1.2649071e+00
  -3.6648457e-01  -2.5188532e+00
  -6.1251077e-01  -2.4847388e+00
  -2.1078122e+00  -4.1771935e+00
   6.3317526e-01  -2.5689079e+00
  -4.4550235e-02  -2.4330669e+00
  -6.5388829e-01  -3.4056613e+00
   2.4641325e-01  -5.0660496e+00
   1.7771611e+00  -3.4967819e+00
  -2.5287745e-01  -3.6426148e+00
  -1.1972067e+00  -3.0801450e+00
   2.8961743e+00  -5.4390232e+00
  -1.4047924e+00  -1.8959906e+00
  -2.5799617e+00  -1.4386843e+00
  -6.0610164e-01  -2.7697638e+00
  -1.0397613e+00  -3.1774741e+00
   1.1349662e+00  -5.4997434e+00
  -1.0757961e+00  -2.9679420e+00
  -1.2368496e+00  -2.9949030e+00
   1.0260748e+00  -4.9297491e+00
   2.4605259e-01  -3.9121184e+00
  -3.6536595e-01  -4.6931598e+00
  -1.4908393e+00  -1.2121197e+00
  -1.3199951e+00  -2.7657271e+00
  -6.5014829e-02  -2.1917889e+00
  -1.5165170e+00  -2.5142841e+00
  -2.7207248e+00  -1.8194391e+00
   6.6998437e-01  -2.8019196e+00
  -6.5852595e-01  -5.2694326e+00
  -3.9513037e-01  -3.4560735e+00
  -4.3663607e-01  -4.7099713e+00
  -2.2142541e+00  -3.4658131e+00
  -1.4883605e+00  -2.0423936e+00
  -4.3991777e-01  -2.9217474e+00
   9.6435728e-01  -4.6134197e+00
   1.4337730e+00  -4.4323115e+00
   1.0946307e+00  -4.0114231e+00
   6.4906867e-01  -6.1343601e+00
  -2.0056168e-01  -4.2975217e+00
  -3.7526735e-03  -3.9489768e+00
  -4.3322728e-04  -4.0228150e+00
   1.3678653e+00  -4.8711984e+00
  -2.3064186e+00  -2.6500553e+00
   1.9831282e+00  -5.8815414e+00
  -6.4948661e-02  -3.3579831e+00
  -1.8882251e+00  -1.8851909e+00
   7.7428474e-01  -4.5880638e+00
   1.3142039e+00  -4.0690146e+00
  -3.3107964e-01  -3.1153934e+00
  -5.8323152e-01  -4.3591825e+00
  -5.0438424e-01  -3.3905175e+00
  -4.0021281e+00   1.0891219e+00
   1.6289239e-01  -2.6320497e+00
   2.6237131e-02  -4.5844573e+00
   1.8496122e+00  -5.3540433e+00
  -1.6078269e+00  -2.5344487e+00
   1.5375657e+00  -4.8609003e+00
   1.5338001e+00  -6.0078151e+00
   1.8739222e+00  -3.3360807e+00
  -1.1343317e+00  -1.7578237e+00
   1.2505875e+00  -4.7522380e+00
  -8.5646901e-01  -2.3446770e+00
  -6.7478318e-01  -3.6597169e+00
   1.2335836e+00  -4.6632687e+00
  -2.8518112e-01  -4.7833739e+00
   2.9576209e+00  -5.4206912e+00
  -3.0642978e-01  -2.3003766e+00
  -8.1788357e-01  -3.6449638e+00
   2.9754662e+00  -6.6566006e+00
   5.3051986e-03  -4.2329169e+00
   4.3997740e-01  -4.4205210e+00
   8.9832249e-01  -1.9469175e+00
  -1.3705106e+00  -4.3702475e+00
  -5.4645188e-04  -4.1367516e+00
  -3.4894357e+00  -1.5885315e+00
  -1.1236092e+00  -3.2713139e+00
   3.1029223e-02  -3.8002356e+00
   6.3994549e-02  -3.7948682e+00
   6.6856921e-01  -6.1973544e+00
   1.6555499e+00  -4.1673357e+00
  -4.6000554e-01  -3.4428989e+00
  -2.3231206e-01  -4.6561028e+00
  -4.8797234e-01  -2.0420934e+00
  -1.5621055e+00  -2.1067062e+00
  -9.7657164e-01  -2.9233533e+00
   5.0779876e-01  -3.3274355e+00
  -4.4154675e-01  -2.3686764e+00
   8.0226227e-01  -3.9455625e+00
  -1.7486987e-01  -2.7048268e+00
  -7.4188835e-01  -1.7173685e+00
   1.1571697e+00  -5.0533739e+00
  -2.0083409e-01  -2.8828847e+00
   9.0879663e-01  -4.0136351e+00
   3.9623519e-01  -3.1669217e+00
   2.0434059e-01  -3.4962934e+00
   9.2209885e-01  -4.0780326e+00
   5.2790913e-02  -3.7777403e+00
   1.5058196e-01  -2.8209779e+00
  -1.1493235e+00  -2.9559656e+00
   1.8311663e+00  -5.7423550e+00
   1.2020262e+00  -3.7013458e+00
   3.2517537e-01  -4.8043646e+00
   2.0021150e-01  -4.2896663e+00
   6.3322405e-01  -5.0155890e+00
   4.7585280e-01  -4.2549876e+00
  -5.9359013e-02  -4.6698289e+00
  -9.3090163e-01  -5.0875312e+00
  -3.3048662e-01  -4.3017113e+00
   1.3722778e+00  -4.1691881e+00
   1.2786816e+00  -3.3440312e+00
  -2.7903292e+00  -8.2578217e-01
   6.6975982e-01  -3.8224657e+00
   1.1596595e+00  -3.0447355e+00
  -1.7812974e+00  -2.9352389e+00
  -4.7426640e-01  -2.2965806e+00
  -1.9153272e-01  -1.6169424e+00
   4.7911275e-01  -3.1294632e+00
   1.3866886e+00  -4.4487243e+00
  -2.2205931e+00  -2.1769729e+00
   3.0300220e-01  -2.3226067e+00
  -1.2161887e+00  -3.8234312e+00
  -1.3122453e-01  -5.2195988e+00
  -1.5621473e+00  -1.9124533e+00
  -1.3060193e+00  -1.8078048e+00
  -8.7204905e-02  -4.4775247e+00
  -1.8539267e+00  -1.6154360e+00
   2.4122259e+00  -5.4606484e+00
   1.1493460e-01  -4.0263759e+00
   5.4704339e-01  -2.2959354e+00
  -1.2919841e+00  -2.4863786e+00
  -4.6590521e-01  -4.7711086e+00
  -2.1323620e+00  -1.5661268e+00
  -1.8263353e+00  -3.3387587e+00
   1.4361892e-01  -3.7930118e+00
  -2.4557100e-01  -2.9429297e+00
  -1.3648039e+00  -3.1740585e+00
   3.9188689e-01  -4.5445908e+00
   1.3151825e+00  -4.3045318e+00
   1.4172516e+00  -5.2950057e+00
  -1.1992947e+00  -2.9513932e+00
  -3.1834382e-01  -2.9320398e+00
  -1.8775106e-01  -4.7756565e+00
   7.0411651e-01  -4.9530221e+00
  -8.9560358e-01  -2.6013979e+00
   4.0507393e-01  -3.6143627e+00
  -1.6327514e+00  -1.6692957e+00
  -1.1572695e+00  -5.6378186e-01
   1.1876781e+00  -4.4349136e+00
  -1.7558538e+00  -2.8063742e+00
   7.6998212e-01  -3.6505327e+00
   1.4219704e+00  -3.9389146e+00
  -2.4076139e-01  -3.4843368e+00
  -4.2648129e-01  -5.3198026e+00
   6.2216695e-01  -5.0336591e+00
  -1.3417040e+00  -3.2882457e+00
  -1.1059308e+00  -1.0741034e+00
   3.5066853e-01  -3.7421328e+00
   2.4188812e+00  -5.5778197e+00
   9.8912139e-01  -5.0476713e+00
  -9.5408054e-01  -4.7874923e+00
  -2.0547656e+00  -3.3723073e+00
  -8.4171305e-01  -2.6182634e+00
   2.0583069e+00  -5.5441301e+00
   2.9448944e+00  -4.2227683e+00
  -4.5116192e-02  -2.6990880e+00
   2.9349451e-01  -2.3271910e+00
   2.6630585e+00  -5.0135840e+00
   1.4497640e+00  -5.3982224e+00
  -7.3081813e-01  -2.5690067e+00
  -8.4583909e-02  -4.5039545e+00
  -2.5576288e+00  -2.2344757e+00
   1.0871183e+00  -4.8619697e+00
   4.1946508e-01  -4.6258031e+00
  -2.6128614e+00  -3.1788126e+00
  -2.4996676e-01  -1.7264412e+00
   1.1048523e-02  -3.0526744e+00
   1.9696722e-01  -2.5085755e+00
  -1.9474757e+00  -3.2969982e+00
   2.0605097e-01  -4.0349807e+00
   1.0188850e+00  -3.3735116e+00
  -1.1430689e+00  -2.2889184e+00
  -1.6454221e-01  -1.9789057e+00
   1.3811188e+00  -3.0860368e+00
   6.0441243e-01  -3.0731867e+00
  -9.7138723e-01  -2.7479405e+00
   1.5196247e+00  -3.4852191e+00
   1.3462174e+00  -4.7047838e+00
  -1.0058102e+00  -2.2392693e+00
   2.3208114e-01  -3.6227209e+00
  -1.2795959e-01  -3.4147527e+00
   1.0411769e+00  -4.5870715e+00
  -5.0317916e-01  -4.2661089e+00
  -1.9123131e+00  -1.2321733e+00
   3.6183390e-01  -6.4599184e+00
  -5.7374029e-01  -4.7864655e+00
   4.9998431e-01  -4.4519340e+00
  -3.9038915e-01  -2.7581084e+00
  -2.2325153e+00  -8.7791662e-01
   3.1428527e-01  -2.5994588e+00
  -3.1500139e-01  -3.2960122e+00
   4.0455662e+00  -5.6384481e+00
  -4.6014266e-01  -1.3043188e+00
  -4.2101560e-01  -4.6115449e+00
   6.5404480e-02  -5.7696681e+00
  -2.0329739e+00  -1.5772512e+00
  -2.1167946e-01  -2.9484738e+00
   1.8011895e+00  -5.8569861e+00
   1.8446122e+00  -4.7176693e+00
  -6.4377637e-01  -1.7356635e+00
   3.5327762e+00  -5.3477105e+00
   5.9866262e-02  -2.7643374e+00
  -1.1179616e-01  -3.7873507e+00
   3.6061846e-01  -2.7331094e+00
  -1.0399360e-01  -3.5606271e+00
   1.2444585e+00  -3.6340574e+00
   2.5622176e+00  -6.8614853e+00
  -9.0804215e-01  -3.0731064e+00
   3.5097133e-01  -4.8934813e+00
   3.8500938e-02  -4.1606518e+00
   1.3265391e+00  -4.6632490e+00
  -2.1796740e-01  -2.5306765e+00
   1.5196291e+00  -5.4868675e+00
   4.5286381e-01  -3.1813001e+00
   4.1305107e-01  -4.8375677e+00
   2.5343781e-01  -2.6779722e+00
  -1.1258678e+00  -2.7825340e+00
  -9.1105886e-01  -2.3513837e+00
   2.6948441e+00  -5.7035537e+00
   2.4482775e-01  -3.6624218e+00
   6.0298391e-01  -3.9111391e+00
   1.3922880e+00  -3.9020907e+00
   1.5674246e-02  -1.6932709e+00
  -1.2166979e+00  -2.7363873e+00
  -1.6060083e+00  -2.5650528e+00
   1.7469269e+00  -4.3595387e+00
   1.1669985e-01  -3.5403963e+00
  -7.3120971e-01  -8.1154040e-01
   6.6706969e-01  -2.8180677e+00
  -1.8281641e+00  -3.8771841e+00
   2.5625357e-01  -4.1835484e+00
   8.2537900e-01  -4.7096183e+00
  -2.8429754e-01  -3.6285006e+00
  -8.0893469e-01  -3.8234191e+00
  -3.8042264e-02  -1.8091332e+00
   1.0328988e+00  -2.7281594e+00
  -1.4788655e-01  -2.6725483e+00
  -9.4296741e-01  -2.9140140e+00
   8.9384788e-01  -6.3464191e+00
  -6.3829666e-01  -1.7570171e+00
   3.3165665e-01  -3.7333415e+00
   1.0713355e+00  -3.7146523e+00
  -1.1043845e+00  -4.1930074e+00
   2.5509618e+00  -4.6773296e+00
   4.6216707e-01  -5.5115380e+00
  -4.2747500e-01  -2.2044229e+00
  -1.3794238e+00  -1.3797183e+00
   7.7258344e-02  -3.6098883e+00
  -1.1995335e-01  -3.9924740e+00
   2.6670834e-01  -3.3217710e+00
  -1.0028676e-01  -3.2447111e+00
   5.2437060e-01  -5.5711488e+00
  -3.4254496e-01  -4.0353463e+00
  -1.5393625e+00  -2.3112521e+00
  -1.6806234e+00  -2.2535169e+00
   9.2021831e-01  -4.2631211e+00
   4.5781485e-01  -3.9885182e+00
   3.8716842e-01  -3.5998422e+00
  -1.1086539e+00  -4.0636511e+00
  -4.8342568e-02  -3.7364479e+00
   6.1281912e-01  -2.8510622e+00
  -1.0800386e-01  -3.2771734e+00
   9.6186359e-01  -4.0393034e+00
  -8.4080167e-01  -2.7953011e+00
  -8.2724182e-01  -2.8558458e+00
  -1.1900200e+00  -2.4601867e+00
  -3.0933054e-01  -3.1249153e+00
  -1.0387484e+00  -2.4213103e+00
  -2.1044345e+00  -1.0699219e+00
  -1.7758332e+00  -2.5452288e+00
   1.2743215e+00  -4.6561136e+00
  -2.9484994e-01  -3.1826791e+00
   2.4472675e+00  -5.3834431e+00
  -1.2112348e-01  -2.5949778e+00
  -6.3050548e-01  -3.2126060e+00
  -2.2526430e-01  -4.2045300e+00
   1.9364065e+00  -4.4803203e+00
  -1.3785577e+00  -3.3472052e+00
  -1.5645810e+00  -1.9710142e+00
   3.9434406e-01  -1.2112554e+00
   3.9806524e+00  -4.3784300e+00
   3.2647287e-01  -5.0855538e+00
   3.6053275e-01  -2.4550971e+00
  -4.7243958e-01  -3.3543923e+00
  -2.8678964e+00  -1.9363004e+00
  -2.1386178e-01  -2.0059804e+00
   8.7003461e-01  -3.7673751e+00
   1.9442178e+00  -4.3671536e+00
   1.3662334e+00  -3.5530726e+00
   1.5236602e-01  -4.4239161e+00
  -1.1583351e+00  -3.4448781e+00
  -6.1604234e-01  -3.0432222e+00
   2.8779390e+00  -5.1981732e+00
  -1.3908497e+00  -3.1301093e+00
   2.0110059e+00  -4.8069708e+00
  -1.4164665e+00  -2.2251441e+00
   1.6739328e+00  -5.9451137e+00
  -2.8798811e+00  -1.0518896e+00
  -1.7555387e+00  -3.6709867e+00
   2.8360401e-01  -3.0094016e+00
   5.3908708e-02  -1.6469831e+00
   1.4134341e+00  -3.7203001e+00
   2.9765905e-01  -2.5484561e+00
  -1.1282737e+00  -2.1635376e+00
   6.9959538e-01  -4.8474295e+00
   1.8716604e+00  -5.5830147e+00
   9.8749791e-02  -3.2348301e+00
   1.4940559e+00  -4.9864697e+00
   4.5750079e-01  -3.7608762e+00
  -3.2032579e-01  -3.6953556e+00
  -3.8352066e-02  -2.5328232e+00
  -1.1747529e+00  -4.2363209e+00
   1.6253651e+00  -4.4742425e+00
   5.9267165e-01  -3.0227343e+00
  -1.4654658e+00  -1.8290384e+00
  -1.2127317e+00  -1.1382931e+00
  -1.3998361e+00  -1.3158953e+00
  -1.7489637e-01  -3.7764127e+00
   6.5129297e-01  -2.7645058e+00
  -5.3282178e-01  -2.6544141e+00
  -1.2011095e+00  -3.1382032e+00
  -1.4125451e+00  -2.9797331e+00
  -9.6672715e-01  -3.8944145e+00
  -5.8213311e-01  -1.8494038e+00
   2.0627075e-01  -5.0082710e+00
   1.3730651e-01  -4.0348009e+00
  -5.2858028e-01  -2.3502547e+00
  -6.0549833e-01  -3.3266303e+00
   6.3916288e-01  -4.5019523e+00
  -3.6503855e+00  -7.8166882e-01
  -6.7616499e-01  -3.5967600e+00
  -9.6592977e-01  -5.4266120e+00
   2.5407630e-01  -3.8900436e+00
   7.6372848e-01  -5.0147693e+00
  -1.9597098e-01  -4.6206815e+00
   1.4046948e+00  -4.2256992e+00
  -1.3952740e-01  -2.3319079e+00
   1.9634449e+00  -4.4796285e+00
   1.1317538e+00  -5.1504385e+00
   1.0482254e+00  -4.1118018e+00
  -4.5642990e-01  -2.8439382e+00
  -1.2952756e+00  -2.7142595e+00
   1.4339513e-01  -2.4380499e+00
  -9.9537115e-01  -4.3501169e+00
   8.2002616e-01  -2.8696519e+00
   1.5197009e-01  -2.8561530e+00
  -1.1088808e+00  -2.8924695e+00
  -1.1050123e+00  -2.6151237e+00
  -1.7619628e-01  -3.8185835e+00
   1.1759214e+00  -4.4837675e+00
   4.4214387e-02  -4.4694126e+00
   1.9396962e+00  -4.2030672e+00
  -2.9776755e+00  -1.7921248e+00
  -2.3552400e-01  -3.2479034e+00
   1.5134177e+00  -4.0354188e+00
  -1.1731496e+00  -3.4597694e+00
  -2.4467662e-01  -3.5002788e+00
  -1.2548638e+00  -4.0002340e+00
   2.1541249e+00  -5.1662070e+00
   1.5004336e+00  -4.1558974e+00
  -6.4358352e-01  -3.9042056e+00
  -1.7464004e+00  -1.8533387e+00
   2.7500009e+00  -5.9814910e+00
  -1.6670498e+00  -2.1087560e+00
  -7.4086016e-01  -2.7696582e+00
  -1.8005771e+00   3.8935757e-01
   9.2701066e-01  -3.0225873e+00
  -1.2475079e+00  -3.2538840e+00
  -2.3570215e-02  -3.2115827e+00
   1.6376701e+00  -6.8191556e+00
   5.9889129e-01  -2.7303419e+00
  -1.0384413e-01  -3.5040123e+00
  -1.2726478e+00  -2.3837821e+00
   2.2986689e-01  -2.4958775e+00
   5.3120912e-01  -3.1778327e+00
   2.1358710e+00  -3.1720401e+00
   3.8468459e-01  -3.0986872e+00
  -9.4884071e-01  -1.2788650e+00
   9.7819056e-01  -5.6341085e+00
   8.4032117e-01  -3.2752834e+00
  -1.8292945e+00  -2.9410596e+00
   1.8088199e+00  -4.1370132e+00
  -2.6125657e+00  -4.0066816e+00
  -5.2962156e-01  -3.8027334e+00
  -2.2139128e-01  -4.2900080e+00
  -1.2419524e+00  -1.6432340e+00
   3.3537915e-01  -4.7879372e+00
  -2.7271595e-01  -3.2514938e+00
   2.6842417e-01  -4.3295998e+00
  -4.7194737e-01  -3.4885238e+00
   5.6379207e-01  -3.0795508e+00
   3.4584562e-01  -4.4568186e+00
  -2.8679247e+00  -2.1701164e+00
   9.4207940e-01  -3.9809975e+00
  -1.4212761e+00  -1.6628645e+00
  -3.6991024e-01  -3.5013873e+00
   6.5026483e-01  -3.8497499e+00
   1.8969646e+00  -5.1193461e+00
   2.1011528e-02  -4.8336313e+00
  -3.0329582e+00  -2.5242265e+00
   1.8264263e+00  -5.1866536e+00
  -3.3779873e-01  -3.9687296e+00
  -1.7737992e-01  -3.1915438e+00
  -5.1353444e-01  -3.4477603e+00
  -6.5610159e-01  -4.5940391e+00
   2.1811251e+00  -5.3595047e+00
   2.7728819e+00  -6.3677726e+00
   1.6665114e+00  -4.3091401e+00
  -3.0083963e+00  -3.1029353e+00
   2.9373109e-01  -2.8532079e+00
  -4.7484608e-01  -2.7868079e+00
  -1.8011703e-01  -4.2969322e+00
  -4.5640646e-01  -5.1840464e+00
   1.5044787e+00  -3.0555834e+00
  -1.3645669e-01  -2.2939204e+00
  -5.7184822e-01  -3.1376430e+00
  -1.6783498e-01  -3.3861056e+00
   3.6121887e-01  -4.0472051e+00
  -9.8363515e-01  -3.8931679e+00
   2.0614456e-01  -4.3708379e+00
  -8.3273825e-01  -2.4986749e+00
  -1.8859629e+00  -3.0255357e+00
   1.9833579e-01  -3.6583556e+00
   2.9981071e+00  -4.9141323e+00
  -1.9694681e+00  -2.5495382e+00
  -9.7705953e-01  -1.6171697e+00
  -7.5688578e-01  -1.6935540e+00
   1.5615582e+00  -6.2832192e+00
  -6.0887429e-01  -3.9375338e+00
   1.2443888e-01  -2.8595698e+00
  -2.7782801e-01  -3.2602573e+00
   7.4734620e-01  -4.0223551e+00
  -7.0880224e-01  -3.2818383e+00
   1.7443796e+00  -3.8079324e+00
  -2.7334528e-01  -3.1584732e+00
  -1.2535749e-01  -2.7933396e+00
  -1.4777578e+00  -2.0120248e+00
  -2.2748250e+00  -1.0878371e+00
   9.9460296e-01  -4.5469774e+00
  -4.3197504e-01  -3.3136630e+00
  -1.1363695e+00  -1.9746010e+00
   1.0422307e+00  -5.4030633e+00
  -4.3804173e-01  -2.4908990e+00
  -2.0651336e+00  -1.3340612e+00
   1.5563308e-02  -4.2350793e+00
  -2.8814794e-01  -1.7629983e+00
  -1.3953383e+00  -2.7170917e+00
  -1.3039306e-01  -3.7368091e+00
  -2.2310454e-01  -3.2400230e+00
  -1.5277453e+00  -2.5419386e+00
  -1.0332473e+00  -2.9275201e+00
  -3.8626522e-01  -2.3207944e+00
  -1.0739715e+00  -2.3205722e+00
  -1.0711620e+00  -4.1928604e+00
  -8.2047019e-02  -5.2831224e+00
   1.1684898e+00  -3.4452264e+00
  -7.3271833e-01  -2.9174348e+00
  -1.4144211e+00  -1.7519441e+00
  -9.1212950e-01  -2.2750883e+00
   9.9053117e-01  -4.0194461e+00
   4.0731846e-01  -3.6348158e+00
   1.2331607e+00  -4.5830994e+00
  -5.6147923e-01  -2.6927050e+00
  -6.0992318e-02  -4.8494461e+00
   9.1695275e-01  -4.2055008e+00
   1.8155338e+00  -4.3827561e+00
  -1.6301333e+00  -3.3623625e+00
   1.4300491e+00  -3.3738037e+00
   2.1392360e-01  -2.6032704e+00
   1.2344021e-01  -3.2855829e+00
   1.7182240e+00  -4.9958602e+00
  -2.3936916e+00  -5.0274077e-01
  -1.0881709e-01  -2.1098220e+00
  -1.0202720e-01  -2.6619917e+00
  -2.3824515e+00  -1.2714384e+00
   4.5953743e-01  -5.3792967e+00
  -1.0106706e+00  -3.0632862e+00
   1.8886567e+00  -3.8647460e+00
   2.1265645e+00  -5.9103907e+00
   2.2350158e-01  -4.6279604e+00
   7.6551940e-01  -4.2087449e+00
   4.8927068e-03  -2.7119213e+00
   9.3297962e-01  -4.6767141e+00
   7.8140304e-02  -3.6901757e+00
  -3.2733114e+00  -1.9136207e+00
   3.1427701e+00  -5.3835988e+00
  -8.7266780e-02  -3.4983918e+00
   1.5949326e+00  -3.8813125e+00
   1.0071884e+00  -4.8369920e+00
  -8.6504920e-01  -2.8495248e+00
  -1.2836106e+00  -2.7422411e+00
  -2.0518174e+00  -3.0825203e+00
   6.2289086e-01  -3.9669863e+00
   2.4978208e+00  -6.6526419e+00
  -3.0965849e-01  -4.2447493e+00
   2.4897646e+00  -4.5380774e+00
  -1.1338858e-01  -4.3038692e+00
   8.0681308e-01  -5.3951303e+00
   1.8488778e+00  -6.3706037e+00
  -3.3192457e-01  -3.2982482e+00
   1.5306355e+00  -4.5044811e+00
  -7.3565590e-01  -3.5692748e+00
   5.0579081e-01  -4.5984059e+00
  -6.5947342e-01  -1.6860598e+00
   2.3071562e+00  -6.1142316e+00
   5.3113114e-01  -2.8428770e+00
  -2.0799377e+00  -3.7665984e+00
  -1.5046524e-01  -4.9021061e+00
   1.3685294e+00  -5.5586823e+00
  -1.4424288e-01  -3.3272567e+00
   1.9110944e+00  -3.6595784e+00
   1.3675730e-01  -1.9026332e+00
   9.7719172e-01  -5.6918087e+00
   8.7605975e-01  -4.5441756e+00
  -1.0586904e+00  -2.4431902e+00
   9.7954510e-01  -4.6866943e+00
  -1.7632957e-01  -3.7155179e+00
  -9.9423174e-01  -3.7870334e+00
  -1.8406392e+00  -2.8701837e+00
  -2.0404472e-01  -2.0578019e+00
  -2.1267870e+00  -2.9668116e+00
  -1.2084027e-02  -5.3676575e+00
   6.8828666e-01  -2.5160703e+00
   1.9353687e-01  -3.3661961e+00
  -9.6622412e-01  -2.7557846e+00
   5.8223569e-01  -5.0262402e+00
  -4.9249456e-01  -1.9429667e+00
  -3.2773926e-01  -4.5404915e+00
  -1.3954994e+00  -3.8640635e+00
   1.7035304e-01  -4.6559730e+00
   1.6067404e-01  -3.9876626e+00
   1.3496109e+00  -5.7344983e+00
  -2.5219902e-02  -4.0502900e+00
  -6.2572356e-01  -4.5310530e+00
  -7.4074590e-01  -5.6020353e+00
  -1.9894835e-01  -2.9137244e+00
  -1.2611700e+00  -1.8413062e+00
   1.2601329e+00  -3.5854322e+00
   8.2572914e-01  -4.3939062e+00
  -2.6762758e+00  -1.3488537e+00
   2.9956345e+00  -6.5914582e+00
  -8.6626965e-01  -2.1955866e+00
  -2.4273726e+00  -2.1912950e+00
  -1.6045254e+00  -3.0664181e+00
   3.2967299e-01  -3.8144495e+00
  -2.9567872e-01  -3.1752339e+00
   3.0356332e-01  -5.5729281e+00
  -1.3072075e+00  -1.0528286e+00
   6.8655279e-01  -4.4110697e+00
  -6.7072479e-01  -3.5598719e+00
   1.6225032e+00  -5.2946174e+00
   9.4326165e-01  -2.7615636e+00
  -2.2382985e+00  -2.2870560e+00
   6.0446050e-02  -4.5498173e+00
   3.0809670e-01  -4.2387962e+00
   7.6141915e-01  -3.7948247e+00
  -1.2058754e+00  -1.4581109e+00
   2.3026389e-01  -3.8749439e+00
  -7.5006093e-01  -4.1157538e+00
  -7.6882328e-01  -2.5057046e+00
   1.7295640e+00  -5.4169275e+00
   1.9238504e+00  -4.6282191e+00
  -1.2275216e+00  -2.3878026e+00
  -1.4744899e+00  -2.2443588e+00
  -1.0502783e+00  -3.3057623e+00
   1.6831032e+00  -4.6161607e+00
  -1.0111927e+00  -3.3676517e+00
   5.7872619e-01  -3.2392209e+00
  -3.6765271e-01  -5.1115199e+00
  -1.8915483e+00  -1.3138578e+00
   1.2654455e+00  -4.2530308e+00
  -2.2864363e+00  -2.8014494e+00
  -2.8101588e-01  -3.5820176e+00
   1.1610912e+00  -4.7151106e+00
   1.3272325e+00  -5.7945671e+00
  -6.8679304e-01  -2.2816546e+00
   1.2454549e+00  -4.7885721e+00
  -3.6105197e-03  -2.4164345e+00
   1.2207909e+00  -4.2493020e+00
  -8.5202397e-02  -3.8342576e+00
  -2.1010259e+00  -1.0008609e+00
  -1.2628044e+00  -2.4297438e+00
   2.1132630e-02  -3.6915702e+00
   2.7959304e-01  -3.8988489e+00
  -3.1576071e-01  -4.5430447e+00
  -1.5615517e+00  -2.9016284e+00
  -3.0656274e+00  -2.1197194e+00
   1.2665723e-01  -2.6410831e+00
  -9.8733436e-02  -3.4034292e+00
  -1.1017062e+00  -2.6792071e+00
  -2.6643390e-01  -2.7225217e+00
   3.1803135e-01  -3.5939240e+00
  -1.1950951e+00  -3.8177456e+00
   8.8628149e-01  -3.4433568e+00
   7.0077637e-01  -3.4520610e+00
  -1.7352843e+00  -1.2762408e+00
  -1.8734347e+00  -2.7413061e+00
   1.2477365e+00  -4.1224382e+00
  -1.2793977e+00  -2.8021931e+00
  -1.1964390e-01  -4.2516881e+00
  -9.7285639e-01  -3.1743395e+00
   2.0518250e+00  -6.0282874e+00
   7.6418606e-01  -5.2086019e+00
   4.6541101e-01  -4.6596558e+00
   9.8452218e-01  -4.7666883e+00
  -9.9778304e-01  -1.5423767e+00
   1.5535622e+00  -4.5312258e+00
   1.1867380e-01  -4.3907163e+00
   1.1603237e-01  -4.3354642e+00
   3.1227725e-01  -3.7429293e+00
  -5.4316270e-01  -1.3668241e+00
  -1.6009803e+00  -3.4612460e+00
  -1.1716846e+00  -2.4431696e+00
   7.0374177e-02  -4.6975944e+00
   2.3557293e+00  -4.7093926e+00
   1.1272412e+00  -5.7297277e+00
  -4.6884336e-01  -1.3267614e+00
   6.4002114e-02  -3.8873409e+00
  -7.9654736e-01  -4.0331411e+00
   1.1771936e-01  -4.0463244e+00
  -2.2456921e+00  -1.6973578e-01
   9.4549973e-02  -3.0880595e+00
   3.9079566e-01  -3.6819786e+00
   1.5514871e+00  -5.9255795e+00
   1.1754909e+00  -4.0368831e+00
  -1.7349746e+00  -2.5607885e+00
  -1.2468713e+00  -2.0468838e+00
  -8.3578232e-01  -3.0572933e+00
  -4.0393883e-01  -2.7529838e+00
  -2.7357622e-01  -2.2281688e+00
  -2.2666671e+00  -2.4544579e+00
  -9.8937037e-01  -4.2921121e+00
   2.2694445e+00  -5.3639327e+00
   8.2741070e-01  -3.5887049e+00
  -1.4549825e+00  -1.3645087e+00
   1.3416126e+00  -5.9646122e+00
  -5.3336175e-01  -4.6883926e+00
   4.2018664e-01  -3.9166711e+00
   1.1238982e+00  -4.9203238e+00
  -1.1353467e+00  -8.3476040e-01
   3.7724943e-03  -6.0220750e+00
   2.0840089e+00  -4.8852177e+00
   8.7335708e-01  -4.5404807e+00
  -1.2065873e+00  -3.4576287e+00
  -6.7620516e-01  -2.5825395e+00
  -7.0524285e-01  -2.6361517e+00
   4.0831664e-01  -4.1063034e+00
  -7.3537023e-01  -3.7410667e+00
   8.7039745e-01  -3.6722493e+00
   3.2590060e+00  -5.5495223e+00
   1.1580917e-01  -2.4215206e+00
   9.6628224e-01  -3.6259189e+00
   1.0618333e+00  -4.6466774e+00
  -2.9833033e+00  -2.6853828e+00
  -7.0984457e-01  -1.5803571e+00
   9.0042892e-01  -5.0228901e+00
   1.3432174e+00  -4.7047304e+00
   5.8892245e-01  -5.4495584e+00
   5.0117294e-01  -2.2513884e+00
   8.4194323e-01  -3.6526966e+00
   8.2357103e-01  -4.2667199e+00
   3.9300697e-01  -4.0056969e+00
  -1.6146397e+00  -2.9924325e+00
  -2.2307604e+00  -1.0103127e+00
  -1.9472503e+00  -2.0281263e+00
  -3.6563389e-01  -3.6195679e+00
   3.5465058e-01  -2.6033684e+00
   7.3673703e-01  -3.8329803e+00
  -6.3025331e-01  -2.7610101e+00
   2.7242171e+00  -4.5150983e+00
   6.1725041e-01  -3.6002801e+00
  -1.9100291e+00  -2.5540693e+00
  -1.6473082e+00  -2.7570907e+00
  -1.1005316e+00  -2.7734421e+00
   3.3518022e+00  -5.1670896e+00
   3.1320183e-01  -4.0659896e+00
   7.7029219e-01  -4.2435239e+00
   1.3813901e-01  -2.8558684e+00
   1.7117147e+00  -4.5921166e+00
  -1.3546931e+00  -3.0025318e+00
   9.8992637e-01  -4.7167333e+00
  -1.6094119e+00  -1.3523875e+00
  -1.2048479e+00  -1.8141597e+00
   3.8042188e-01  -3.1761776e+00
  -9.6225704e-01  -3.1402840e+00
   1.3821338e+00  -3.6250307e+00
  -6.5095967e-01  -3.2112985e+00
  -1.0427948e+00  -3.2382228e+00
  -1.4128681e-01  -4.0232215e+00
   5.8802958e-01  -4.2689954e+00
  -1.2620236e+00  -2.2763633e+00
  -5.4719078e-01  -3.0173513e+00
   4.9392281e-01  -2.6657100e+00
   1.2550323e-01  -4.0179633e+00
  -9.3798797e-01  -3.6065232e+00
   1.8586089e+00  -6.3949005e+00
   6.3640632e-01  -4.9172652e+00
   1.9841683e+00  -4.3572668e+00
  -6.1503639e-01  -3.6926031e+00
   2.4130484e-01  -5.6648342e+00
   7.1796125e-01  -3.4031393e+00
   4.3314399e-01  -5.1804418e+00
   3.7727213e-02  -3.7491586e+00
   1.3133230e-01  -4.8793948e+00
  -6.1525492e-01  -1.8172365e+00
   9.3728062e-01  -5.0301974e+00
   1.9600612e+00  -4.0368290e+00
  -1.5704011e+00  -3.0245200e+00
   3.6301956e-01  -5.3705766e+00
  -3.1608953e-01  -3.4677626e+00
  -1.2224230e+00  -4.8996850e+00
  -4.5973185e-01  -3.9128706e+00
   2.0335203e-01  -3.2393493e+00
  -4.3533310e-01  -3.8602765e+00
  -1.5894023e+00  -1.8832748e+00
   9.3985183e-01  -3.2934965e+00
  -1.1182398e+00  -2.8901876e+00
  -3.8940825e-01  -4.0587671e+00
   1.0553469e+00  -3.4423151e+00
  -8.7223335e-01  -1.8001572e+00
   5.2171136e-01  -2.8100302e+00
  -1.0878295e+00  -3.0830346e+00
   1.2018098e+00  -1.8854308e+00
   2.2605714e+00  -3.7106835e+00
   8.7437867e-01  -3.2098504e+00
   1.3171218e+00  -3.9594695e+00
   9.2873829e-01  -4.5067277e+00
   3.8602780e-01  -3.2207902e+00
   1.5252597e+00  -5.2171868e+00
  -1.1916148e+00  -3.7147418e+00
  -1.0927314e+00  -3.3781500e+00
   3.1382533e-01  -3.4327713e+00
   2.3743458e+00  -4.7169018e+00
   1.0614285e-01  -4.3100291e+00
  -2.8167366e-01  -3.8722639e+00
   2.1937708e-01  -1.6316408e+00
   2.6275211e+00  -5.6660183e+00
  -2.6321788e+00  -2.4917912e+00
  -7.6746642e-01  -4.0828316e+00
   1.3640984e-02  -2.8185399e+00
  -1.1640159e-01  -4.9530259e+00
   1.3750776e-01  -4.9173371e+00
  -2.8501992e+00  -1.4841085e+00
   1.5480903e+00  -3.9755275e+00
  -4.8367685e-01  -9.7501376e-01
   7.2829448e-01  -4.4891757e+00
  -1.9918319e+00  -2.8320439e+00
  -1.7042941e+00  -3.5154825e+00
   1.4446152e+00  -3.9640602e+00
  -6.0811566e-01  -2.7866655e+00
   8.8564034e-01  -4.7284372e+00
  -1.9028998e+00  -1.9802758e+00
  -2.0973695e+00  -1.8712093e+00
   9.4695455e-01  -3.8657448e+00
  -1.9226663e+00  -1.8821213e+00
   2.7945427e-01  -3.1623744e+00
  -1.1990217e+00  -2.9981946e+00
   5.6039083e-01  -4.0388266e+00
  -5.7480561e-01  -3.0612561e+00
  -1.7527236e+00  -4.2119698e+00
  -1.3543492e+00  -1.9069694e+00
  -2.4750378e+00  -1.9106162e+00
  -2.2133300e-01  -1.4124189e+00
  -6.6589601e-02  -4.2422356e+00
  -4.1353184e-01  -4.3917962e+00
   7.1781821e-01  -5.3483223e+00
   5.6296532e-01  -5.2307878e+00
   8.2177300e-02  -4.9041001e+00
   8.1526510e-01  -5.2035736e+00
   1.5537467e+00  -3.3027699e+00
   1.3908702e+00  -3.9950704e+00
  -2.6151292e-01  -2.4018464e+00
  -6.8827697e-01  -3.2912842e+00
   1.1732523e+00  -3.2283094e+00
  -2.2574667e+00  -1.9947869e+00
  -1.2637770e+00  -2.4763666e+00
   1.5782025e+00  -6.4888550e+00
  -1.1466238e+00  -2.8586428e+00
  -1.3050684e+00  -2.6978527e+00
  -3.0220936e-01  -1.7614442e+00
   1.1400250e+00  -3.4589087e+00
  -6.4476748e-01  -2.5257883e+00
   3.1858428e-01  -4.0163451e+00
  -1.1912102e+00  -3.9830445e+00
   5.6950114e-01  -3.0893745e+00
   6.8481005e-03  -3.2539078e+00
   5.2935132e-01  -4.1627772e+00
  -9.7790358e-01  -4.5162778e+00
   5.6937191e-01  -4.6975510e+00
  -3.3176714e-01  -3.6977431e+00
   1.4370816e-01  -4.0876122e+00
  -1.5806092e+00  -1.8751632e+00
  -5.2511451e-02  -2.2380974e+00
  -1.0176981e+00  -3.8408406e+00
  -9.7934284e-01  -2.6726137e+00
   1.2202124e-01  -2.9131493e+00
  -1.7126638e+00  -9.4418477e-01
   1.6491643e-01  -3.5732431e+00
   2.8098589e-01  -3.9949753e+00
   1.1777942e+00  -5.2160210e+00
  -2.5406645e-01  -2.2916675e+00
  -2.1657620e+00  -1.9268693e+00
  -2.9614511e-01  -2.3707309e+00
   2.5456602e-01  -2.7636922e+00
   3.6822194e-01  -3.0767190e+00
   7.6233954e-01  -5.2886564e+00
  -8.6605236e-01  -2.5698070e+00
   5.3685793e-01  -3.2940345e+00
  -1.2808766e+00  -3.0549888e+00
  -1.2279157e+00  -2.2677774e+00
  -4.8408288e-01  -3.6855507e+00
  -1.1545601e+00  -2.9098353e+00
  -9.7757640e-01  -1.3863127e+00
   1.0524865e+00  -3.3926443e+00
  -8.7794087e-01  -3.1081544e+00
  -1.5810819e-01  -3.8060000e+00
   7.4851672e-01  -5.4288477e+00
   1.1600354e-01  -2.9625869e+00
  -1.4998820e-01  -3.6617343e+00
  -1.5836816e+00  -3.4717408e+00
  -1.1999350e-01  -2.9035995e+00
  -6.0263308e-01  -3.5198952e+00
   9.8832504e-01  -2.5545579e+00
  -4.3969886e-01  -4.3082626e+00
  -1.1841022e-01  -3.4680954e+00
  -1.0135924e+00  -2.3111692e+00
   4.4487451e-01  -1.9747532e+00
   6.0264763e-01  -4.7417803e+00
   4.3738425e-01  -2.8935862e+00
  -3.2567560e-01  -8.3791327e-01
  -1.0016574e+00  -2.5115799e+00
  -1.3060744e-01  -3.4377718e+00
   6.5801195e-01  -4.4800414e+00
  -1.2836725e+00  -2.6555710e+00
   2.2342516e-01  -3.9532849e+00
   1.3669664e+00  -4.3206592e+00
   1.1220961e+00  -3.2670685e+00
   4.2477083e-01  -1.3990957e+00
   1.7089298e-01  -2.1494686e+00
   1.2972216e-01  -4.1441046e+00
  -1.3920921e+00  -1.4668510e+00
   1.6847606e+00  -4.5143432e+00
   2.3946855e+00  -6.9272653e+00
  -1.5942225e+00  -1.5158148e+00
  -1.6653480e+00  -2.3804768e+00
  -1.2041120e-01  -4.2509409e+00
   3.8112253e+00  -6.2533732e+00
   4.4715113e-01  -5.2287086e+00
  -1.3304393e+00  -2.7405853e+00
  -9.0429378e-01  -4.4976746e+00
   8.9806191e-01  -3.1371804e+00
  -1.4628707e-01  -2.8105567e+00
  -2.0067693e+00  -2.0837272e+00
  -6.2718859e-02  -3.4890152e+00
  -1.2289476e+00  -2.7079201e+00
   1.4079432e+00  -3.5656110e+00
  -6.9875611e-02  -4.0594123e+00
   6.4077686e-01  -4.4029786e+00
  -1.0798970e+00  -2.7062365e+00
   1.1345312e+00  -4.5850976e+00
  -1.4184074e+00  -4.2505985e+00
   5.6547973e-01  -2.6235017e+00
  -2.7918020e-01  -3.4044664e+00
  -1.0494001e+00  -2.8884417e+00
   5.4879333e-01  -3.6227610e+00
   1.8245209e+00  -5.9958530e+00
  -1.7617873e-01  -3.2421459e+00
   1.0570746e-01  -2.8730626e+00
   1.3228735e+00  -4.3263171e+00
   8.7948241e-01  -3.2353364e+00
   1.2320625e+00  -3.6629408e+00
   5.8551454e-01  -4.1557176e+00
  -1.4190285e-01  -2.4350187e+00
  -4.0638758e-01  -3.3964658e+00
   5.6089751e-01  -3.2831038e+00
   7.0700861e-01  -3.3143890e+00
  -1.2811574e-01  -4.5988043e+00
   3.8184511e-03  -4.1746411e+00
  -1.4949692e-01  -4.0497350e+00
  -2.9911538e-01  -2.2809931e+00
  -3.9474162e-01  -2.6419336e+00
  -1.3974759e+00  -3.2676686e+00
  -5.5893717e-01  -2.1970487e+00
   1.6283528e+00  -5.1437792e+00
   1.0536654e+00  -3.5949078e+00
   1.5856726e+00  -3.4281606e+00
   3.3159927e-01  -5.1404272e+00
   2.3760099e+00  -5.4864428e+00
   1.2913976e+00  -4.4057162e+00
  -1.9767436e+00  -1.6750072e+00
   5.3960638e-02  -1.5584405e+00
  -6.9626772e-01  -2.1137681e+00
  -8.3260484e-01  -3.1164124e+00
   1.1602529e+00  -4.0939118e+00
   1.6338958e+00  -4.5287903e+00
  -2.0338157e+00  -1.7598272e+00
   2.6968235e+00  -3.8103626e+00
   8.8585424e-01  -5.8714992e+00
  -1.5798466e+00  -2.0096882e+00
   5.8853814e-01  -3.1068183e+00
  -6.8852427e-01  -3.4007028e+00
  -1.1571457e+00  -3.1259577e+00
   2.2769637e+00  -5.2123716e+00
  -3.2073408e+00  -6.3743853e-01
   9.3859486e-03  -3.0761291e+00
  -6.1309740e-04  -3.5651210e+00
   7.4538269e-01  -5.5543994e+00
   4.9925987e-01  -5.0463795e+00
   1.1598501e-02  -3.2233551e+00
   4.1127519e-01  -5.0815000e+00
   2.3338298e-01  -3.9925431e+00
   1.1003612e+00  -5.2657229e+00
   1.1918458e+00  -3.5459011e+00
  -5.8254891e-01  -2.3846164e+00
   1.6009456e+00  -4.4956498e+00
  -9.7079558e-01  -2.9002165e+00
  -1.7389277e+00  -1.6603409e+00
  -1.5644847e+00  -2.6520563e+00
  -8.7325925e-01  -3.7526900e+00
  -1.2129244e+00  -3.7417292e+00
   1.6742589e+00  -5.1210440e+00
   1.2645149e+00  -3.7017268e+00
   2.1138679e+00  -4.9266189e+00
  -9.3040113e-01  -1.9277951e+00
   1.4279684e+00  -5.0397818e+00
  -8.8032962e-02  -3.6881214e+00
  -2.4497000e-01  -3.7638161e+00
  -2.7567748e+00  -2.8030080e+00
   8.7595981e-01  -3.7228112e+00
   5.4042437e-01  -7.1063265e+00
   1.3924055e-01  -3.4529318e+00
   7.2558144e-01  -4.5741433e+00
   5.4018549e-01  -4.4348725e+00
  -4.7505205e-01  -2.8207290e+00
   1.7652728e-01  -3.0217991e+00
  -1.5403345e+00  -3.1947086e+00
   5.3607941e-01  -3.9270065e+00
  -1.1083901e-01  -2.9313708e+00
  -1.3066739e-01  -2.8382871e+00
   3.9055492e-01  -3.5742828e+00
  -5.2476491e-01  -5.6383006e+00
   5.0238542e-01  -3.4596679e+00
  -3.1046541e+00  -1.8261964e+00
  -8.0674527e-01  -5.0307717e+00
   8.5589641e-01  -3.6771828e+00
   3.7767740e+00  -5.4974720e+00
  -8.7101663e-01  -3.6935085e+00
   1.2047601e+00  -3.9165277e+00
  -1.6731804e+00  -2.2429004e+00
  -1.2540037e+00  -3.2532040e+00
   8.5643716e-01  -4.4745793e+00
   2.5690561e-02  -4.4050752e+00
  -3.7555417e-01  -3.4000426e+00
   1.0106387e-01  -4.0272011e+00
  -1.9742307e+00  -2.4396973e+00
  -1.1518489e+00  -3.2725339e+00
  -1.2470408e+00  -2.6323781e+00
   1.1101192e+00  -3.0891176e+00
   1.8038672e+00  -4.2404098e+00
   1.2049864e+00  -3.7391679e+00
  -2.8293624e-01  -3.5276800e+00
  -3.9860498e-01  -2.6949816e+00
  -9.1713532e-01  -2.6439713e+00
  -5.2263267e-01  -3.3601154e+00
   1.8837552e+00  -4.3390872e+00
  -1.5510132e-01  -3.2369495e+00
  -1.0592260e+00  -3.1223469e+00
  -1.1079180e+00  -3.7697453e+00
   1.2296451e+00  -5.7299724e+00
  -7.3298037e-01  -4.5715867e+00
   1.1098038e-01  -2.3839533e+00
   5.5004602e-01  -4.6987222e+00
   1.1138255e+00  -2.3186500e+00
   5.0955259e-01  -4.2645323e+00
  -1.6904281e-01  -1.8079430e+00
  -1.5935083e-01  -4.1443425e+00
  -1.9311012e+00  -2.0941168e+00
   8.7702605e-02  -2.4872942e+00
   2.1159172e+00  -4.4246185e+00
  -1.1540946e+00  -2.1578612e+00
  -1.4167519e-01  -3.4539416e+00
   2.4350720e-01  -3.7875891e+00
   1.2769763e+00  -5.3952248e+00
  -2.0275463e-01  -2.7571875e+00
   2.5682799e+00  -4.0455837e+00
  -1.1781844e-01  -4.1833808e+00
   1.3744837e-01  -3.1287614e+00
  -1.2465576e+00  -3.4551585e+00
   6.8391973e-01  -3.9115432e+00
