  -2.3667682e+00  -2.2766366e+00
   5.3326734e-01  -4.0861797e+00
  -1.7506712e+00  -1.2649071e+00
  -3.6648457e-01  -2.5188532e+00
  -6.1251077e-01  -2.4847388e+00
  -2.1078122e+00  -4.1771935e+00
   6.3317526e-01  -2.5689079e+00
  -4.4550235e-02  -2.4330669e+00
  -6.5388829e-01  -3.4056613e+00
   2.4641325e-01  -5.0660496e+00
   1.7771611e+00  -3.4967819e+00
  -2.5287745e-01  -3.6426148e+00
  -1.1972067e+00  -3.0801450e+00
   2.8961743e+00  -5.4390232e+00
  -1.4047924e+00  -1.8959906e+00
  -2.5799617e+00  -1.4386843e+00
  -6.0610164e-01  -2.7697638e+00
  -1.0397613e+00  -3.1774741e+00
   1.1349662e+00  -5.4997434e+00
  -1.0757961e+00  -2.9679420e+00
  -1.2368496e+00  -2.9949030e+00
   1.0260748e+00  -4.9297491e+00
   2.4605259e-01  -3.9121184e+00
  -3.6536595e-01  -4.6931598e+00
  -1.4908393e+00  -1.2121197e+00
  -1.3199951e+00  -2.7657271e+00
  -6.5014829e-02  -2.1917889e+00
  -1.5165170e+00  -2.5142841e+00
  -2.7207248e+00  -1.8194391e+00
   6.6998437e-01  -2.8019196e+00
  -6.5852595e-01  -5.2694326e+00
  -3.9513037e-01  -3.4560735e+00
  -4.3663607e-01  -4.7099713e+00
  -2.2142541e+00  -3.4658131e+00
  -1.4883605e+00  -2.0423936e+00
  -4.3991777e-01  -2.9217474e+00
   9.6435728e-01  -4.6134197e+00
   1.4337730e+00  -4.4323115e+00
   1.0946307e+00  -4.0114231e+00
   6.4906867e-01  -6.1343601e+00
  -2.0056168e-01  -4.2975217e+00
  -3.7526735e-03  -3.9489768e+00
  -4.3322728e-04  -4.0228150e+00
   1.3678653e+00  -4.8711984e+00
  -2.3064186e+00  -2.6500553e+00
   1.9831282e+00  -5.8815414e+00
  -6.4948661e-02  -3.3579831e+00
  -1.8882251e+00  -1.8851909e+00
   7.7428474e-01  -4.5880638e+00
   1.3142039e+00  -4.0690146e+00
  -3.3107964e-01  -3.1153934e+00
  -5.8323152e-01  -4.3591825e+00
  -5.0438424e-01  -3.3905175e+00
  -4.0021281e+00   1.0891219e+00
   1.6289239e-01  -2.6320497e+00
   2.6237131e-02  -4.5844573e+00
   1.8496122e+00  -5.3540433e+00
  -1.6078269e+00  -2.5344487e+00
   1.5375657e+00  -4.8609003e+00
   1.5338001e+00  -6.0078151e+00
   1.8739222e+00  -3.3360807e+00
  -1.1343317e+00  -1.7578237e+00
   1.2505875e+00  -4.7522380e+00
  -8.5646901e-01  -2.3446770e+00
  -6.7478318e-01  -3.6597169e+00
   1.2335836e+00  -4.6632687e+00
  -2.8518112e-01  -4.7833739e+00
   2.9576209e+00  -5.4206912e+00
  -3.0642978e-01  -2.3003766e+00
  -8.1788357e-01  -3.6449638e+00
   2.9754662e+00  -6.6566006e+00
   5.3051986e-03  -4.2329169e+00
   4.3997740e-01  -4.4205210e+00
   8.9832249e-01  -1.9469175e+00
  -1.3705106e+00  -4.3702475e+00
  -5.4645188e-04  -4.1367516e+00
  -3.4894357e+00  -1.5885315e+00
  -1.1236092e+00  -3.2713139e+00
   3.1029223e-02  -3.8002356e+00
   6.3994549e-02  -3.7948682e+00
   6.6856921e-01  -6.1973544e+00
   1.6555499e+00  -4.1673357e+00
  -4.6000554e-01  -3.4428989e+00
  -2.3231206e-01  -4.6561028e+00
  -4.8797234e-01  -2.0420934e+00
  -1.5621055e+00  -2.1067062e+00
  -9.7657164e-01  -2.9233533e+00
   5.0779876e-01  -3.3274355e+00
  -4.4154675e-01  -2.3686764e+00
   8.0226227e-01  -3.9455625e+00
  -1.7486987e-01  -2.7048268e+00
  -7.4188835e-01  -1.7173685e+00
   1.1571697e+00  -5.0533739e+00
  -2.0083409e-01  -2.8828847e+00
   9.0879663e-01  -4.0136351e+00
   3.9623519e-01  -3.1669217e+00
   2.0434059e-01  -3.4962934e+00
   9.2209885e-01  -4.0780326e+00
   5.2790913e-02  -3.7777403e+00
   1.5058196e-01  -2.8209779e+00
  -1.1493235e+00  -2.9559656e+00
   1.8311663e+00  -5.7423550e+00
   1.2020262e+00  -3.7013458e+00
   3.2517537e-01  -4.8043646e+00
   2.0021150e-01  -4.2896663e+00
   6.3322405e-01  -5.0155890e+00
   4.7585280e-01  -4.2549876e+00
  -5.9359013e-02  -4.6698289e+00
  -9.3090163e-01  -5.0875312e+00
  -3.3048662e-01  -4.3017113e+00
   1.3722778e+00  -4.1691881e+00
   1.2786816e+00  -3.3440312e+00
  -2.7903292e+00  -8.2578217e-01
   6.6975982e-01  -3.8224657e+00
   1.1596595e+00  -3.0447355e+00
  -1.7812974e+00  -2.9352389e+00
  -4.7426640e-01  -2.2965806e+00
  -1.9153272e-01  -1.6169424e+00
   4.7911275e-01  -3.1294632e+00
   1.3866886e+00  -4.4487243e+00
  -2.2205931e+00  -2.1769729e+00
   3.0300220e-01  -2.3226067e+00
  -1.2161887e+00  -3.8234312e+00
  -1.3122453e-01  -5.2195988e+00
  -1.5621473e+00  -1.9124533e+00
  -1.3060193e+00  -1.8078048e+00
  -8.7204905e-02  -4.4775247e+00
  -1.8539267e+00  -1.6154360e+00
   2.4122259e+00  -5.4606484e+00
   1.1493460e-01  -4.0263759e+00
   5.4704339e-01  -2.2959354e+00
  -1.2919841e+00  -2.4863786e+00
  -4.6590521e-01  -4.7711086e+00
  -2.1323620e+00  -1.5661268e+00
  -1.8263353e+00  -3.3387587e+00
   1.4361892e-01  -3.7930118e+00
  -2.4557100e-01  -2.9429297e+00
  -1.3648039e+00  -3.1740585e+00
   3.9188689e-01  -4.5445908e+00
   1.3151825e+00  -4.3045318e+00
   1.4172516e+00  -5.2950057e+00
  -1.1992947e+00  -2.9513932e+00
  -3.1834382e-01  -2.9320398e+00
  -1.8775106e-01  -4.7756565e+00
   7.0411651e-01  -4.9530221e+00
  -8.9560358e-01  -2.6013979e+00
   4.0507393e-01  -3.6143627e+00
  -1.6327514e+00  -1.6692957e+00
  -1.1572695e+00  -5.6378186e-01
   1.1876781e+00  -4.4349136e+00
  -1.7558538e+00  -2.8063742e+00
   7.6998212e-01  -3.6505327e+00
   1.4219704e+00  -3.9389146e+00
  -2.4076139e-01  -3.4843368e+00
  -4.2648129e-01  -5.3198026e+00
   6.2216695e-01  -5.0336591e+00
  -1.3417040e+00  -3.2882457e+00
  -1.1059308e+00  -1.0741034e+00
   3.5066853e-01  -3.7421328e+00
   2.4188812e+00  -5.5778197e+00
   9.8912139e-01  -5.0476713e+00
  -9.5408054e-01  -4.7874923e+00
  -2.0547656e+00  -3.3723073e+00
  -8.4171305e-01  -2.6182634e+00
   2.0583069e+00  -5.5441301e+00
   2.9448944e+00  -4.2227683e+00
  -4.5116192e-02  -2.6990880e+00
   2.9349451e-01  -2.3271910e+00
   2.6630585e+00  -5.0135840e+00
   1.4497640e+00  -5.3982224e+00
  -7.3081813e-01  -2.5690067e+00
  -8.4583909e-02  -4.5039545e+00
  -2.5576288e+00  -2.2344757e+00
   1.0871183e+00  -4.8619697e+00
   4.1946508e-01  -4.6258031e+00
  -2.6128614e+00  -3.1788126e+00
  -2.4996676e-01  -1.7264412e+00
   1.1048523e-02  -3.0526744e+00
   1.9696722e-01  -2.5085755e+00
  -1.9474757e+00  -3.2969982e+00
   2.0605097e-01  -4.0349807e+00
   1.0188850e+00  -3.3735116e+00
  -1.1430689e+00  -2.2889184e+00
  -1.6454221e-01  -1.9789057e+00
   1.3811188e+00  -3.0860368e+00
   6.0441243e-01  -3.0731867e+00
  -9.7138723e-01  -2.7479405e+00
   1.5196247e+00  -3.4852191e+00
   1.3462174e+00  -4.7047838e+00
  -1.0058102e+00  -2.2392693e+00
   2.3208114e-01  -3.6227209e+00
  -1.2795959e-01  -3.4147527e+00
   1.0411769e+00  -4.5870715e+00
  -5.0317916e-01  -4.2661089e+00
  -1.9123131e+00  -1.2321733e+00
   3.6183390e-01  -6.4599184e+00
  -5.7374029e-01  -4.7864655e+00
   4.9998431e-01  -4.4519340e+00
  -3.9038915e-01  -2.7581084e+00
  -2.2325153e+00  -8.7791662e-01
   3.1428527e-01  -2.5994588e+00
  -3.1500139e-01  -3.2960122e+00
   4.0455662e+00  -5.6384481e+00
  -4.6014266e-01  -1.3043188e+00
  -4.2101560e-01  -4.6115449e+00
   6.5404480e-02  -5.7696681e+00
  -2.0329739e+00  -1.5772512e+00
  -2.1167946e-01  -2.9484738e+00
   1.8011895e+00  -5.8569861e+00
   1.8446122e+00  -4.7176693e+00
  -6.4377637e-01  -1.7356635e+00
   3.5327762e+00  -5.3477105e+00
   5.9866262e-02  -2.7643374e+00
  -1.1179616e-01  -3.7873507e+00
   3.6061846e-01  -2.7331094e+00
  -1.0399360e-01  -3.5606271e+00
   1.2444585e+00  -3.6340574e+00
   2.5622176e+00  -6.8614853e+00
  -9.0804215e-01  -3.0731064e+00
   3.5097133e-01  -4.8934813e+00
   3.8500938e-02  -4.1606518e+00
   1.3265391e+00  -4.6632490e+00
  -2.1796740e-01  -2.5306765e+00
   1.5196291e+00  -5.4868675e+00
   4.5286381e-01  -3.1813001e+00
   4.1305107e-01  -4.8375677e+00
   2.5343781e-01  -2.6779722e+00
  -1.1258678e+00  -2.7825340e+00
  -9.1105886e-01  -2.3513837e+00
   2.6948441e+00  -5.7035537e+00
   2.4482775e-01  -3.6624218e+00
   6.0298391e-01  -3.9111391e+00
   1.3922880e+00  -3.9020907e+00
   1.5674246e-02  -1.6932709e+00
  -1.2166979e+00  -2.7363873e+00
  -1.6060083e+00  -2.5650528e+00
   1.7469269e+00  -4.3595387e+00
   1.1669985e-01  -3.5403963e+00
  -7.3120971e-01  -8.1154040e-01
   6.6706969e-01  -2.8180677e+00
  -1.8281641e+00  -3.8771841e+00
   2.5625357e-01  -4.1835484e+00
   8.2537900e-01  -4.7096183e+00
  -2.8429754e-01  -3.6285006e+00
  -8.0893469e-01  -3.8234191e+00
  -3.8042264e-02  -1.8091332e+00
   1.0328988e+00  -2.7281594e+00
  -1.4788655e-01  -2.6725483e+00
  -9.4296741e-01  -2.9140140e+00
   8.9384788e-01  -6.3464191e+00
  -6.3829666e-01  -1.7570171e+00
   3.3165665e-01  -3.7333415e+00
   1.0713355e+00  -3.7146523e+00
  -1.1043845e+00  -4.1930074e+00
   2.5509618e+00  -4.6773296e+00
   4.6216707e-01  -5.5115380e+00
  -4.2747500e-01  -2.2044229e+00
  -1.3794238e+00  -1.3797183e+00
   7.7258344e-02  -3.6098883e+00
  -1.1995335e-01  -3.9924740e+00
   2.6670834e-01  -3.3217710e+00
  -1.0028676e-01  -3.2447111e+00
   5.2437060e-01  -5.5711488e+00
  -3.4254496e-01  -4.0353463e+00
  -1.5393625e+00  -2.3112521e+00
  -1.6806234e+00  -2.2535169e+00
   9.2021831e-01  -4.2631211e+00
   4.5781485e-01  -3.9885182e+00
   3.8716842e-01  -3.5998422e+00
  -1.1086539e+00  -4.0636511e+00
  -4.8342568e-02  -3.7364479e+00
   6.1281912e-01  -2.8510622e+00
  -1.0800386e-01  -3.2771734e+00
   9.6186359e-01  -4.0393034e+00
  -8.4080167e-01  -2.7953011e+00
  -8.2724182e-01  -2.8558458e+00
  -1.1900200e+00  -2.4601867e+00
  -3.0933054e-01  -3.1249153e+00
  -1.0387484e+00  -2.4213103e+00
  -2.1044345e+00  -1.0699219e+00
  -1.7758332e+00  -2.5452288e+00
   1.2743215e+00  -4.6561136e+00
  -2.9484994e-01  -3.1826791e+00
   2.4472675e+00  -5.3834431e+00
  -1.2112348e-01  -2.5949778e+00
  -6.3050548e-01  -3.2126060e+00
  -2.2526430e-01  -4.2045300e+00
   1.9364065e+00  -4.4803203e+00
  -1.3785577e+00  -3.3472052e+00
  -1.5645810e+00  -1.9710142e+00
   3.9434406e-01  -1.2112554e+00
   3.9806524e+00  -4.3784300e+00
   3.2647287e-01  -5.0855538e+00
   3.6053275e-01  -2.4550971e+00
  -4.7243958e-01  -3.3543923e+00
  -2.8678964e+00  -1.9363004e+00
  -2.1386178e-01  -2.0059804e+00
   8.7003461e-01  -3.7673751e+00
   1.9442178e+00  -4.3671536e+00
   1.3662334e+00  -3.5530726e+00
   1.5236602e-01  -4.4239161e+00
  -1.1583351e+00  -3.4448781e+00
  -6.1604234e-01  -3.0432222e+00
   2.8779390e+00  -5.1981732e+00
  -1.3908497e+00  -3.1301093e+00
   2.0110059e+00  -4.8069708e+00
  -1.4164665e+00  -2.2251441e+00
   1.6739328e+00  -5.9451137e+00
  -2.8798811e+00  -1.0518896e+00
  -1.7555387e+00  -3.6709867e+00
   2.8360401e-01  -3.0094016e+00
   5.3908708e-02  -1.6469831e+00
   1.4134341e+00  -3.7203001e+00
   2.9765905e-01  -2.5484561e+00
  -1.1282737e+00  -2.1635376e+00
   6.9959538e-01  -4.8474295e+00
   1.8716604e+00  -5.5830147e+00
   9.8749791e-02  -3.2348301e+00
   1.4940559e+00  -4.9864697e+00
   4.5750079e-01  -3.7608762e+00
  -3.2032579e-01  -3.6953556e+00
  -3.8352066e-02  -2.5328232e+00
  -1.1747529e+00  -4.2363209e+00
   1.6253651e+00  -4.4742425e+00
   5.9267165e-01  -3.0227343e+00
  -1.4654658e+00  -1.8290384e+00
  -1.2127317e+00  -1.1382931e+00
  -1.3998361e+00  -1.3158953e+00
  -1.7489637e-01  -3.7764127e+00
   6.5129297e-01  -2.7645058e+00
  -5.3282178e-01  -2.6544141e+00
  -1.2011095e+00  -3.1382032e+00
  -1.4125451e+00  -2.9797331e+00
  -9.6672715e-01  -3.8944145e+00
  -5.8213311e-01  -1.8494038e+00
   2.0627075e-01  -5.0082710e+00
   1.3730651e-01  -4.0348009e+00
  -5.2858028e-01  -2.3502547e+00
  -6.0549833e-01  -3.3266303e+00
   6.3916288e-01  -4.5019523e+00
  -3.6503855e+00  -7.8166882e-01
  -6.7616499e-01  -3.5967600e+00
  -9.6592977e-01  -5.4266120e+00
   2.5407630e-01  -3.8900436e+00
   7.6372848e-01  -5.0147693e+00
  -1.9597098e-01  -4.6206815e+00
   1.4046948e+00  -4.2256992e+00
  -1.3952740e-01  -2.3319079e+00
   1.9634449e+00  -4.4796285e+00
   1.1317538e+00  -5.1504385e+00
   1.0482254e+00  -4.1118018e+00
  -4.5642990e-01  -2.8439382e+00
  -1.2952756e+00  -2.7142595e+00
   1.4339513e-01  -2.4380499e+00
  -9.9537115e-01  -4.3501169e+00
   8.2002616e-01  -2.8696519e+00
   1.5197009e-01  -2.8561530e+00
  -1.1088808e+00  -2.8924695e+00
  -1.1050123e+00  -2.6151237e+00
  -1.7619628e-01  -3.8185835e+00
   1.1759214e+00  -4.4837675e+00
   4.4214387e-02  -4.4694126e+00
   1.9396962e+00  -4.2030672e+00
  -2.9776755e+00  -1.7921248e+00
  -2.3552400e-01  -3.2479034e+00
   1.5134177e+00  -4.0354188e+00
  -1.1731496e+00  -3.4597694e+00
  -2.4467662e-01  -3.5002788e+00
  -1.2548638e+00  -4.0002340e+00
   2.1541249e+00  -5.1662070e+00
   1.5004336e+00  -4.1558974e+00
  -6.4358352e-01  -3.9042056e+00
  -1.7464004e+00  -1.8533387e+00
   2.7500009e+00  -5.9814910e+00
  -1.6670498e+00  -2.1087560e+00
  -7.4086016e-01  -2.7696582e+00
  -1.8005771e+00   3.8935757e-01
   9.2701066e-01  -3.0225873e+00
  -1.2475079e+00  -3.2538840e+00
  -2.3570215e-02  -3.2115827e+00
   1.6376701e+00  -6.8191556e+00
   5.9889129e-01  -2.7303419e+00
  -1.0384413e-01  -3.5040123e+00
  -1.2726478e+00  -2.3837821e+00
   2.2986689e-01  -2.4958775e+00
   5.3120912e-01  -3.1778327e+00
   2.1358710e+00  -3.1720401e+00
   3.8468459e-01  -3.0986872e+00
  -9.4884071e-01  -1.2788650e+00
   9.7819056e-01  -5.6341085e+00
   8.4032117e-01  -3.2752834e+00
  -1.8292945e+00  -2.9410596e+00
   1.8088199e+00  -4.1370132e+00
  -2.6125657e+00  -4.0066816e+00
  -5.2962156e-01  -3.8027334e+00
  -2.2139128e-01  -4.2900080e+00
  -1.2419524e+00  -1.6432340e+00
   3.3537915e-01  -4.7879372e+00
  -2.7271595e-01  -3.2514938e+00
   2.6842417e-01  -4.3295998e+00
  -4.7194737e-01  -3.4885238e+00
   5.6379207e-01  -3.0795508e+00
   3.4584562e-01  -4.4568186e+00
  -2.8679247e+00  -2.1701164e+00
   9.4207940e-01  -3.9809975e+00
  -1.4212761e+00  -1.6628645e+00
  -3.6991024e-01  -3.5013873e+00
   6.5026483e-01  -3.8497499e+00
   1.8969646e+00  -5.1193461e+00
   2.1011528e-02  -4.8336313e+00
  -3.0329582e+00  -2.5242265e+00
   1.8264263e+00  -5.1866536e+00
  -3.3779873e-01  -3.9687296e+00
  -1.7737992e-01  -3.1915438e+00
  -5.1353444e-01  -3.4477603e+00
  -6.5610159e-01  -4.5940391e+00
   2.1811251e+00  -5.3595047e+00
   2.7728819e+00  -6.3677726e+00
   1.6665114e+00  -4.3091401e+00
  -3.0083963e+00  -3.1029353e+00
   2.9373109e-01  -2.8532079e+00
  -4.7484608e-01  -2.7868079e+00
  -1.8011703e-01  -4.2969322e+00
  -4.5640646e-01  -5.1840464e+00
   1.5044787e+00  -3.0555834e+00
  -1.3645669e-01  -2.2939204e+00
  -5.7184822e-01  -3.1376430e+00
  -1.6783498e-01  -3.3861056e+00
   3.6121887e-01  -4.0472051e+00
  -9.8363515e-01  -3.8931679e+00
   2.0614456e-01  -4.3708379e+00
  -8.3273825e-01  -2.4986749e+00
  -1.8859629e+00  -3.0255357e+00
   1.9833579e-01  -3.6583556e+00
   2.9981071e+00  -4.9141323e+00
  -1.9694681e+00  -2.5495382e+00
  -9.7705953e-01  -1.6171697e+00
  -7.5688578e-01  -1.6935540e+00
   1.5615582e+00  -6.2832192e+00
  -6.0887429e-01  -3.9375338e+00
   1.2443888e-01  -2.8595698e+00
  -2.7782801e-01  -3.2602573e+00
   7.4734620e-01  -4.0223551e+00
  -7.0880224e-01  -3.2818383e+00
   1.7443796e+00  -3.8079324e+00
  -2.7334528e-01  -3.1584732e+00
  -1.2535749e-01  -2.7933396e+00
  -1.4777578e+00  -2.0120248e+00
  -2.2748250e+00  -1.0878371e+00
   9.9460296e-01  -4.5469774e+00
  -4.3197504e-01  -3.3136630e+00
  -1.1363695e+00  -1.9746010e+00
   1.0422307e+00  -5.4030633e+00
  -4.3804173e-01  -2.4908990e+00
  -2.0651336e+00  -1.3340612e+00
   1.5563308e-02  -4.2350793e+00
  -2.8814794e-01  -1.7629983e+00
  -1.3953383e+00  -2.7170917e+00
  -1.3039306e-01  -3.7368091e+00
  -2.2310454e-01  -3.2400230e+00
  -1.5277453e+00  -2.5419386e+00
  -1.0332473e+00  -2.9275201e+00
  -3.8626522e-01  -2.3207944e+00
  -1.0739715e+00  -2.3205722e+00
  -1.0711620e+00  -4.1928604e+00
  -8.2047019e-02  -5.2831224e+00
   1.1684898e+00  -3.4452264e+00
  -7.3271833e-01  -2.9174348e+00
  -1.4144211e+00  -1.7519441e+00
  -9.1212950e-01  -2.2750883e+00
   9.9053117e-01  -4.0194461e+00
   4.0731846e-01  -3.6348158e+00
   1.2331607e+00  -4.5830994e+00
  -5.6147923e-01  -2.6927050e+00
  -6.0992318e-02  -4.8494461e+00
   9.1695275e-01  -4.2055008e+00
   1.8155338e+00  -4.3827561e+00
  -1.6301333e+00  -3.3623625e+00
   1.4300491e+00  -3.3738037e+00
   2.1392360e-01  -2.6032704e+00
   1.2344021e-01  -3.2855829e+00
   1.7182240e+00  -4.9958602e+00
  -2.3936916e+00  -5.0274077e-01
  -1.0881709e-01  -2.1098220e+00
  -1.0202720e-01  -2.6619917e+00
  -2.3824515e+00  -1.2714384e+00
   4.5953743e-01  -5.3792967e+00
  -1.0106706e+00  -3.0632862e+00
   1.8886567e+00  -3.8647460e+00
   2.1265645e+00  -5.9103907e+00
   2.2350158e-01  -4.6279604e+00
   7.6551940e-01  -4.2087449e+00
   4.8927068e-03  -2.7119213e+00
   9.3297962e-01  -4.6767141e+00
   7.8140304e-02  -3.6901757e+00
  -3.2733114e+00  -1.9136207e+00
   3.1427701e+00  -5.3835988e+00
  -8.7266780e-02  -3.4983918e+00
   1.5949326e+00  -3.8813125e+00
   1.0071884e+00  -4.8369920e+00
  -8.6504920e-01  -2.8495248e+00
  -1.2836106e+00  -2.7422411e+00
  -2.0518174e+00  -3.0825203e+00
   6.2289086e-01  -3.9669863e+00
   2.4978208e+00  -6.6526419e+00
  -3.0965849e-01  -4.2447493e+00
   2.4897646e+00  -4.5380774e+00
  -1.1338858e-01  -4.3038692e+00
   8.0681308e-01  -5.3951303e+00
   1.8488778e+00  -6.3706037e+00
  -3.3192457e-01  -3.2982482e+00
   1.5306355e+00  -4.5044811e+00
  -7.3565590e-01  -3.5692748e+00
   5.0579081e-01  -4.5984059e+00
  -6.5947342e-01  -1.6860598e+00
   2.3071562e+00  -6.1142316e+00
   5.3113114e-01  -2.8428770e+00
  -2.0799377e+00  -3.7665984e+00
  -1.5046524e-01  -4.9021061e+00
   1.3685294e+00  -5.5586823e+00
  -1.4424288e-01  -3.3272567e+00
   1.9110944e+00  -3.6595784e+00
   1.3675730e-01  -1.9026332e+00
   9.7719172e-01  -5.6918087e+00
   8.7605975e-01  -4.5441756e+00
  -1.0586904e+00  -2.4431902e+00
   9.7954510e-01  -4.6866943e+00
  -1.7632957e-01  -3.7155179e+00
  -9.9423174e-01  -3.7870334e+00
  -1.8406392e+00  -2.8701837e+00
  -2.0404472e-01  -2.0578019e+00
  -2.1267870e+00  -2.9668116e+00
  -1.2084027e-02  -5.3676575e+00
   6.8828666e-01  -2.5160703e+00
   1.9353687e-01  -3.3661961e+00
  -9.6622412e-01  -2.7557846e+00
   5.8223569e-01  -5.0262402e+00
  -4.9249456e-01  -1.9429667e+00
  -3.2773926e-01  -4.5404915e+00
  -1.3954994e+00  -3.8640635e+00
   1.7035304e-01  -4.6559730e+00
   1.6067404e-01  -3.9876626e+00
   1.3496109e+00  -5.7344983e+00
  -2.5219902e-02  -4.0502900e+00
  -6.2572356e-01  -4.5310530e+00
  -7.4074590e-01  -5.6020353e+00
  -1.9894835e-01  -2.9137244e+00
  -1.2611700e+00  -1.8413062e+00
   1.2601329e+00  -3.5854322e+00
   8.2572914e-01  -4.3939062e+00
  -2.6762758e+00  -1.3488537e+00
   2.9956345e+00  -6.5914582e+00
  -8.6626965e-01  -2.1955866e+00
  -2.4273726e+00  -2.1912950e+00
  -1.6045254e+00  -3.0664181e+00
   3.2967299e-01  -3.8144495e+00
  -2.9567872e-01  -3.1752339e+00
   3.0356332e-01  -5.5729281e+00
  -1.3072075e+00  -1.0528286e+00
   6.8655279e-01  -4.4110697e+00
  -6.7072479e-01  -3.5598719e+00
   1.6225032e+00  -5.2946174e+00
   9.4326165e-01  -2.7615636e+00
  -2.2382985e+00  -2.2870560e+00
   6.0446050e-02  -4.5498173e+00
   3.0809670e-01  -4.2387962e+00
   7.6141915e-01  -3.7948247e+00
  -1.2058754e+00  -1.4581109e+00
   2.3026389e-01  -3.8749439e+00
  -7.5006093e-01  -4.1157538e+00
  -7.6882328e-01  -2.5057046e+00
   1.7295640e+00  -5.4169275e+00
   1.9238504e+00  -4.6282191e+00
  -1.2275216e+00  -2.3878026e+00
  -1.4744899e+00  -2.2443588e+00
  -1.0502783e+00  -3.3057623e+00
   1.6831032e+00  -4.6161607e+00
  -1.0111927e+00  -3.3676517e+00
   5.7872619e-01  -3.2392209e+00
  -3.6765271e-01  -5.1115199e+00
  -1.8915483e+00  -1.3138578e+00
   1.2654455e+00  -4.2530308e+00
  -2.2864363e+00  -2.8014494e+00
  -2.8101588e-01  -3.5820176e+00
   1.1610912e+00  -4.7151106e+00
   1.3272325e+00  -5.7945671e+00
  -6.8679304e-01  -2.2816546e+00
   1.2454549e+00  -4.7885721e+00
  -3.6105197e-03  -2.4164345e+00
   1.2207909e+00  -4.2493020e+00
  -8.5202397e-02  -3.8342576e+00
  -2.1010259e+00  -1.0008609e+00
  -1.2628044e+00  -2.4297438e+00
   2.1132630e-02  -3.6915702e+00
   2.7959304e-01  -3.8988489e+00
  -3.1576071e-01  -4.5430447e+00
  -1.5615517e+00  -2.9016284e+00
  -3.0656274e+00  -2.1197194e+00
   1.2665723e-01  -2.6410831e+00
  -9.8733436e-02  -3.4034292e+00
  -1.1017062e+00  -2.6792071e+00
  -2.6643390e-01  -2.7225217e+00
   3.1803135e-01  -3.5939240e+00
  -1.1950951e+00  -3.8177456e+00
   8.8628149e-01  -3.4433568e+00
   7.0077637e-01  -3.4520610e+00
  -1.7352843e+00  -1.2762408e+00
  -1.8734347e+00  -2.7413061e+00
   1.2477365e+00  -4.1224382e+00
  -1.2793977e+00  -2.8021931e+00
  -1.1964390e-01  -4.2516881e+00
  -9.7285639e-01  -3.1743395e+00
   2.0518250e+00  -6.0282874e+00
   7.6418606e-01  -5.2086019e+00
   4.6541101e-01  -4.6596558e+00
   9.8452218e-01  -4.7666883e+00
  -9.9778304e-01  -1.5423767e+00
   1.5535622e+00  -4.5312258e+00
   1.1867380e-01  -4.3907163e+00
   1.1603237e-01  -4.3354642e+00
   3.1227725e-01  -3.7429293e+00
  -5.4316270e-01  -1.3668241e+00
  -1.6009803e+00  -3.4612460e+00
  -1.1716846e+00  -2.4431696e+00
   7.0374177e-02  -4.6975944e+00
   2.3557293e+00  -4.7093926e+00
   1.1272412e+00  -5.7297277e+00
  -4.6884336e-01  -1.3267614e+00
   6.4002114e-02  -3.8873409e+00
  -7.9654736e-01  -4.0331411e+00
   1.1771936e-01  -4.0463244e+00
  -2.2456921e+00  -1.6973578e-01
   9.4549973e-02  -3.0880595e+00
   3.9079566e-01  -3.6819786e+00
   1.5514871e+00  -5.9255795e+00
   1.1754909e+00  -4.0368831e+00
  -1.7349746e+00  -2.5607885e+00
  -1.2468713e+00  -2.0468838e+00
  -8.3578232e-01  -3.0572933e+00
  -4.0393883e-01  -2.7529838e+00
  -2.7357622e-01  -2.2281688e+00
  -2.2666671e+00  -2.4544579e+00
  -9.8937037e-01  -4.2921121e+00
   2.2694445e+00  -5.3639327e+00
   8.2741070e-01  -3.5887049e+00
  -1.4549825e+00  -1.3645087e+00
   1.3416126e+00  -5.9646122e+00
  -5.3336175e-01  -4.6883926e+00
   4.2018664e-01  -3.9166711e+00
   1.1238982e+00  -4.9203238e+00
  -1.1353467e+00  -8.3476040e-01
   3.7724943e-03  -6.0220750e+00
   2.0840089e+00  -4.8852177e+00
   8.7335708e-01  -4.5404807e+00
  -1.2065873e+00  -3.4576287e+00
  -6.7620516e-01  -2.5825395e+00
  -7.0524285e-01  -2.6361517e+00
   4.0831664e-01  -4.1063034e+00
  -7.3537023e-01  -3.7410667e+00
   8.7039745e-01  -3.6722493e+00
   3.2590060e+00  -5.5495223e+00
   1.1580917e-01  -2.4215206e+00
   9.6628224e-01  -3.6259189e+00
   1.0618333e+00  -4.6466774e+00
  -2.9833033e+00  -2.6853828e+00
  -7.0984457e-01  -1.5803571e+00
   9.0042892e-01  -5.0228901e+00
   1.3432174e+00  -4.7047304e+00
   5.8892245e-01  -5.4495584e+00
   5.0117294e-01  -2.2513884e+00
   8.4194323e-01  -3.6526966e+00
   8.2357103e-01  -4.2667199e+00
   3.9300697e-01  -4.0056969e+00
  -1.6146397e+00  -2.9924325e+00
  -2.2307604e+00  -1.0103127e+00
  -1.9472503e+00  -2.0281263e+00
  -3.6563389e-01  -3.6195679e+00
   3.5465058e-01  -2.6033684e+00
   7.3673703e-01  -3.8329803e+00
  -6.3025331e-01  -2.7610101e+00
   2.7242171e+00  -4.5150983e+00
   6.1725041e-01  -3.6002801e+00
  -1.9100291e+00  -2.5540693e+00
  -1.6473082e+00  -2.7570907e+00
  -1.1005316e+00  -2.7734421e+00
   3.3518022e+00  -5.1670896e+00
   3.1320183e-01  -4.0659896e+00
   7.7029219e-01  -4.2435239e+00
   1.3813901e-01  -2.8558684e+00
   1.7117147e+00  -4.5921166e+00
  -1.3546931e+00  -3.0025318e+00
   9.8992637e-01  -4.7167333e+00
  -1.6094119e+00  -1.3523875e+00
  -1.2048479e+00  -1.8141597e+00
   3.8042188e-01  -3.1761776e+00
  -9.6225704e-01  -3.1402840e+00
   1.3821338e+00  -3.6250307e+00
  -6.5095967e-01  -3.2112985e+00
  -1.0427948e+00  -3.2382228e+00
  -1.4128681e-01  -4.0232215e+00
   5.8802958e-01  -4.2689954e+00
  -1.2620236e+00  -2.2763633e+00
  -5.4719078e-01  -3.0173513e+00
   4.9392281e-01  -2.6657100e+00
   1.2550323e-01  -4.0179633e+00
  -9.3798797e-01  -3.6065232e+00
   1.8586089e+00  -6.3949005e+00
   6.3640632e-01  -4.9172652e+00
   1.9841683e+00  -4.3572668e+00
  -6.1503639e-01  -3.6926031e+00
   2.4130484e-01  -5.6648342e+00
   7.1796125e-01  -3.4031393e+00
   4.3314399e-01  -5.1804418e+00
   3.7727213e-02  -3.7491586e+00
   1.3133230e-01  -4.8793948e+00
  -6.1525492e-01  -1.8172365e+00
   9.3728062e-01  -5.0301974e+00
   1.9600612e+00  -4.0368290e+00
  -1.5704011e+00  -3.0245200e+00
   3.6301956e-01  -5.3705766e+00
  -3.1608953e-01  -3.4677626e+00
  -1.2224230e+00  -4.8996850e+00
  -4.5973185e-01  -3.9128706e+00
   2.0335203e-01  -3.2393493e+00
  -4.3533310e-01  -3.8602765e+00
  -1.5894023e+00  -1.8832748e+00
   9.3985183e-01  -3.2934965e+00
  -1.1182398e+00  -2.8901876e+00
  -3.8940825e-01  -4.0587671e+00
   1.0553469e+00  -3.4423151e+00
  -8.7223335e-01  -1.8001572e+00
   5.2171136e-01  -2.8100302e+00
  -1.0878295e+00  -3.0830346e+00
   1.2018098e+00  -1.8854308e+00
   2.2605714e+00  -3.7106835e+00
   8.7437867e-01  -3.2098504e+00
   1.3171218e+00  -3.9594695e+00
   9.2873829e-01  -4.5067277e+00
   3.8602780e-01  -3.2207902e+00
   1.5252597e+00  -5.2171868e+00
  -1.1916148e+00  -3.7147418e+00
  -1.0927314e+00  -3.3781500e+00
   3.1382533e-01  -3.4327713e+00
   2.3743458e+00  -4.7169018e+00
   1.0614285e-01  -4.3100291e+00
  -2.8167366e-01  -3.8722639e+00
   2.1937708e-01  -1.6316408e+00
   2.6275211e+00  -5.6660183e+00
  -2.6321788e+00  -2.4917912e+00
  -7.6746642e-01  -4.0828316e+00
   1.3640984e-02  -2.8185399e+00
  -1.1640159e-01  -4.9530259e+00
   1.3750776e-01  -4.9173371e+00
  -2.8501992e+00  -1.4841085e+00
   1.5480903e+00  -3.9755275e+00
  -4.8367685e-01  -9.7501376e-01
   7.2829448e-01  -4.4891757e+00
  -1.9918319e+00  -2.8320439e+00
  -1.7042941e+00  -3.5154825e+00
   1.4446152e+00  -3.9640602e+00
  -6.0811566e-01  -2.7866655e+00
   8.8564034e-01  -4.7284372e+00
  -1.9028998e+00  -1.9802758e+00
  -2.0973695e+00  -1.8712093e+00
   9.4695455e-01  -3.8657448e+00
  -1.9226663e+00  -1.8821213e+00
   2.7945427e-01  -3.1623744e+00
  -1.1990217e+00  -2.9981946e+00
   5.6039083e-01  -4.0388266e+00
  -5.7480561e-01  -3.0612561e+00
  -1.7527236e+00  -4.2119698e+00
  -1.3543492e+00  -1.9069694e+00
  -2.4750378e+00  -1.9106162e+00
  -2.2133300e-01  -1.4124189e+00
  -6.6589601e-02  -4.2422356e+00
  -4.1353184e-01  -4.3917962e+00
   7.1781821e-01  -5.3483223e+00
   5.6296532e-01  -5.2307878e+00
   8.2177300e-02  -4.9041001e+00
   8.1526510e-01  -5.2035736e+00
   1.5537467e+00  -3.3027699e+00
   1.3908702e+00  -3.9950704e+00
  -2.6151292e-01  -2.4018464e+00
  -6.8827697e-01  -3.2912842e+00
   1.1732523e+00  -3.2283094e+00
  -2.2574667e+00  -1.9947869e+00
  -1.2637770e+00  -2.4763666e+00
   1.5782025e+00  -6.4888550e+00
  -1.1466238e+00  -2.8586428e+00
  -1.3050684e+00  -2.6978527e+00
  -3.0220936e-01  -1.7614442e+00
   1.1400250e+00  -3.4589087e+00
  -6.4476748e-01  -2.5257883e+00
   3.1858428e-01  -4.0163451e+00
  -1.1912102e+00  -3.9830445e+00
   5.6950114e-01  -3.0893745e+00
   6.8481005e-03  -3.2539078e+00
   5.2935132e-01  -4.1627772e+00
  -9.7790358e-01  -4.5162778e+00
   5.6937191e-01  -4.6975510e+00
  -3.3176714e-01  -3.6977431e+00
   1.4370816e-01  -4.0876122e+00
  -1.5806092e+00  -1.8751632e+00
  -5.2511451e-02  -2.2380974e+00
  -1.0176981e+00  -3.8408406e+00
  -9.7934284e-01  -2.6726137e+00
   1.2202124e-01  -2.9131493e+00
  -1.7126638e+00  -9.4418477e-01
   1.6491643e-01  -3.5732431e+00
   2.8098589e-01  -3.9949753e+00
   1.1777942e+00  -5.2160210e+00
  -2.5406645e-01  -2.2916675e+00
  -2.1657620e+00  -1.9268693e+00
  -2.9614511e-01  -2.3707309e+00
   2.5456602e-01  -2.7636922e+00
   3.6822194e-01  -3.0767190e+00
   7.6233954e-01  -5.2886564e+00
  -8.6605236e-01  -2.5698070e+00
   5.3685793e-01  -3.2940345e+00
  -1.2808766e+00  -3.0549888e+00
  -1.2279157e+00  -2.2677774e+00
  -4.8408288e-01  -3.6855507e+00
  -1.1545601e+00  -2.9098353e+00
  -9.7757640e-01  -1.3863127e+00
   1.0524865e+00  -3.3926443e+00
  -8.7794087e-01  -3.1081544e+00
  -1.5810819e-01  -3.8060000e+00
   7.4851672e-01  -5.4288477e+00
   1.1600354e-01  -2.9625869e+00
  -1.4998820e-01  -3.6617343e+00
  -1.5836816e+00  -3.4717408e+00
  -1.1999350e-01  -2.9035995e+00
  -6.0263308e-01  -3.5198952e+00
   9.8832504e-01  -2.5545579e+00
  -4.3969886e-01  -4.3082626e+00
  -1.1841022e-01  -3.4680954e+00
  -1.0135924e+00  -2.3111692e+00
   4.4487451e-01  -1.9747532e+00
   6.0264763e-01  -4.7417803e+00
   4.3738425e-01  -2.8935862e+00
  -3.2567560e-01  -8.3791327e-01
  -1.0016574e+00  -2.5115799e+00
  -1.3060744e-01  -3.4377718e+00
   6.5801195e-01  -4.4800414e+00
  -1.2836725e+00  -2.6555710e+00
   2.2342516e-01  -3.9532849e+00
   1.3669664e+00  -4.3206592e+00
   1.1220961e+00  -3.2670685e+00
   4.2477083e-01  -1.3990957e+00
   1.7089298e-01  -2.1494686e+00
   1.2972216e-01  -4.1441046e+00
  -1.3920921e+00  -1.4668510e+00
   1.6847606e+00  -4.5143432e+00
   2.3946855e+00  -6.9272653e+00
  -1.5942225e+00  -1.5158148e+00
  -1.6653480e+00  -2.3804768e+00
  -1.2041120e-01  -4.2509409e+00
   3.8112253e+00  -6.2533732e+00
   4.4715113e-01  -5.2287086e+00
  -1.3304393e+00  -2.7405853e+00
  -9.0429378e-01  -4.4976746e+00
   8.9806191e-01  -3.1371804e+00
  -1.4628707e-01  -2.8105567e+00
  -2.0067693e+00  -2.0837272e+00
  -6.2718859e-02  -3.4890152e+00
  -1.2289476e+00  -2.7079201e+00
   1.4079432e+00  -3.5656110e+00
  -6.9875611e-02  -4.0594123e+00
   6.4077686e-01  -4.4029786e+00
  -1.0798970e+00  -2.7062365e+00
   1.1345312e+00  -4.5850976e+00
  -1.4184074e+00  -4.2505985e+00
   5.6547973e-01  -2.6235017e+00
  -2.7918020e-01  -3.4044664e+00
  -1.0494001e+00  -2.8884417e+00
   5.4879333e-01  -3.6227610e+00
   1.8245209e+00  -5.9958530e+00
  -1.7617873e-01  -3.2421459e+00
   1.0570746e-01  -2.8730626e+00
   1.3228735e+00  -4.3263171e+00
   8.7948241e-01  -3.2353364e+00
   1.2320625e+00  -3.6629408e+00
   5.8551454e-01  -4.1557176e+00
  -1.4190285e-01  -2.4350187e+00
  -4.0638758e-01  -3.3964658e+00
   5.6089751e-01  -3.2831038e+00
   7.0700861e-01  -3.3143890e+00
  -1.2811574e-01  -4.5988043e+00
   3.8184511e-03  -4.1746411e+00
  -1.4949692e-01  -4.0497350e+00
  -2.9911538e-01  -2.2809931e+00
  -3.9474162e-01  -2.6419336e+00
  -1.3974759e+00  -3.2676686e+00
  -5.5893717e-01  -2.1970487e+00
   1.6283528e+00  -5.1437792e+00
   1.0536654e+00  -3.5949078e+00
   1.5856726e+00  -3.4281606e+00
   3.3159927e-01  -5.1404272e+00
   2.3760099e+00  -5.4864428e+00
   1.2913976e+00  -4.4057162e+00
  -1.9767436e+00  -1.6750072e+00
   5.3960638e-02  -1.5584405e+00
  -6.9626772e-01  -2.1137681e+00
  -8.3260484e-01  -3.1164124e+00
   1.1602529e+00  -4.0939118e+00
   1.6338958e+00  -4.5287903e+00
  -2.0338157e+00  -1.7598272e+00
   2.6968235e+00  -3.8103626e+00
   8.8585424e-01  -5.8714992e+00
  -1.5798466e+00  -2.0096882e+00
   5.8853814e-01  -3.1068183e+00
  -6.8852427e-01  -3.4007028e+00
  -1.1571457e+00  -3.1259577e+00
   2.2769637e+00  -5.2123716e+00
  -3.2073408e+00  -6.3743853e-01
   9.3859486e-03  -3.0761291e+00
  -6.1309740e-04  -3.5651210e+00
   7.4538269e-01  -5.5543994e+00
   4.9925987e-01  -5.0463795e+00
   1.1598501e-02  -3.2233551e+00
   4.1127519e-01  -5.0815000e+00
   2.3338298e-01  -3.9925431e+00
   1.1003612e+00  -5.2657229e+00
   1.1918458e+00  -3.5459011e+00
  -5.8254891e-01  -2.3846164e+00
   1.6009456e+00  -4.4956498e+00
  -9.7079558e-01  -2.9002165e+00
  -1.7389277e+00  -1.6603409e+00
  -1.5644847e+00  -2.6520563e+00
  -8.7325925e-01  -3.7526900e+00
  -1.2129244e+00  -3.7417292e+00
   1.6742589e+00  -5.1210440e+00
   1.2645149e+00  -3.7017268e+00
   2.1138679e+00  -4.9266189e+00
  -9.3040113e-01  -1.9277951e+00
   1.4279684e+00  -5.0397818e+00
  -8.8032962e-02  -3.6881214e+00
  -2.4497000e-01  -3.7638161e+00
  -2.7567748e+00  -2.8030080e+00
   8.7595981e-01  -3.7228112e+00
   5.4042437e-01  -7.1063265e+00
   1.3924055e-01  -3.4529318e+00
   7.2558144e-01  -4.5741433e+00
   5.4018549e-01  -4.4348725e+00
  -4.7505205e-01  -2.8207290e+00
   1.7652728e-01  -3.0217991e+00
  -1.5403345e+00  -3.1947086e+00
   5.3607941e-01  -3.9270065e+00
  -1.1083901e-01  -2.9313708e+00
  -1.3066739e-01  -2.8382871e+00
   3.9055492e-01  -3.5742828e+00
  -5.2476491e-01  -5.6383006e+00
   5.0238542e-01  -3.4596679e+00
  -3.1046541e+00  -1.8261964e+00
  -8.0674527e-01  -5.0307717e+00
   8.5589641e-01  -3.6771828e+00
   3.7767740e+00  -5.4974720e+00
  -8.7101663e-01  -3.6935085e+00
   1.2047601e+00  -3.9165277e+00
  -1.6731804e+00  -2.2429004e+00
  -1.2540037e+00  -3.2532040e+00
   8.5643716e-01  -4.4745793e+00
   2.5690561e-02  -4.4050752e+00
  -3.7555417e-01  -3.4000426e+00
   1.0106387e-01  -4.0272011e+00
  -1.9742307e+00  -2.4396973e+00
  -1.1518489e+00  -3.2725339e+00
  -1.2470408e+00  -2.6323781e+00
   1.1101192e+00  -3.0891176e+00
   1.8038672e+00  -4.2404098e+00
   1.2049864e+00  -3.7391679e+00
  -2.8293624e-01  -3.5276800e+00
  -3.9860498e-01  -2.6949816e+00
  -9.1713532e-01  -2.6439713e+00
  -5.2263267e-01  -3.3601154e+00
   1.8837552e+00  -4.3390872e+00
  -1.5510132e-01  -3.2369495e+00
  -1.0592260e+00  -3.1223469e+00
  -1.1079180e+00  -3.7697453e+00
   1.2296451e+00  -5.7299724e+00
  -7.3298037e-01  -4.5715867e+00
   1.1098038e-01  -2.3839533e+00
   5.5004602e-01  -4.6987222e+00
   1.1138255e+00  -2.3186500e+00
   5.0955259e-01  -4.2645323e+00
  -1.6904281e-01  -1.8079430e+00
  -1.5935083e-01  -4.1443425e+00
  -1.9311012e+00  -2.0941168e+00
   8.7702605e-02  -2.4872942e+00
   2.1159172e+00  -4.4246185e+00
  -1.1540946e+00  -2.1578612e+00
  -1.4167519e-01  -3.4539416e+00
   2.4350720e-01  -3.7875891e+00
   1.2769763e+00  -5.3952248e+00
  -2.0275463e-01  -2.7571875e+00
   2.5682799e+00  -4.0455837e+00
  -1.1781844e-01  -4.1833808e+00
   1.3744837e-01  -3.1287614e+00
  -1.2465576e+00  -3.4551585e+00
   6.8391973e-01  -3.9115432e+00
  -2.1497292e+00  -5.2259868e+00
  -1.0600282e+00  -5.7863261e+00
  -7.7653425e-01  -3.8030770e+00
  -1.1866977e+00  -3.8427237e+00
  -2.9353356e-01  -3.5159253e+00
  -1.3252501e+00  -5.0793900e+00
   1.1576280e+00  -4.3341237e+00
  -4.3749705e-01  -4.2409458e+00
  -1.6792334e+00  -4.2816625e+00
  -2.9176404e+00  -4.5234686e+00
   2.3018404e+00  -3.3370073e+00
  -1.0012392e+00  -4.1440570e+00
  -8.6416887e-01  -4.0784622e+00
  -1.6053812e+00  -4.1534563e+00
  -2.0602558e+00  -4.6149213e+00
   9.9028270e-01  -4.6208972e+00
   1.4633555e+00  -4.3120479e+00
   2.6438496e-01  -4.4656188e+00
  -6.1453715e-01  -5.6770952e+00
   1.8451297e-01  -5.1568534e+00
  -3.4370620e+00  -4.4798748e+00
  -1.7032606e+00  -4.9990414e+00
  -5.2501917e-02  -3.5458257e+00
  -1.0227054e+00  -2.9608063e+00
  -2.2912104e+00  -4.3764974e+00
  -7.7866820e-01  -4.9317822e+00
  -1.4310571e+00  -5.6069729e+00
  -5.1360788e-01  -4.4667903e+00
  -1.2155081e+00  -3.7768764e+00
  -7.3350406e-01  -3.8459087e+00
  -4.1283224e+00  -4.2187355e+00
  -3.3998119e+00  -4.7089194e+00
  -2.0128430e+00  -4.7272868e+00
  -1.2019599e+00  -5.2722028e+00
   1.1665423e+00  -3.8587774e+00
  -1.2418805e+00  -4.8148396e+00
  -3.1784259e+00  -4.5766703e+00
  -2.0200500e+00  -5.3436499e+00
  -2.0245847e-01  -4.1986982e+00
  -8.6796527e-01  -4.6721781e+00
   8.0643243e-01  -3.7294300e+00
  -1.2907564e+00  -3.7179473e+00
  -2.2516634e-01  -5.3312173e+00
  -3.1929473e+00  -6.1518652e+00
   3.0482185e-01  -2.7607806e+00
  -8.0449117e-02  -4.4772332e+00
  -4.4325336e-01  -4.9732326e+00
   9.4965854e-01  -5.5259075e+00
   7.9858200e-01  -5.0038433e+00
   1.7636754e+00  -4.1664886e+00
  -3.4069580e+00  -4.7665373e+00
  -3.4785547e+00  -6.2486665e+00
  -2.2284255e+00  -4.0292605e+00
  -1.4514500e+00  -4.2430739e+00
  -2.9507804e+00  -5.7587155e+00
   6.5986888e-01  -3.1742809e+00
  -1.7268829e+00  -4.6759848e+00
  -1.5221232e+00  -4.1752604e+00
  -1.9002752e-01  -4.8802142e+00
   8.5508377e-01  -4.3443923e+00
  -1.6408140e+00  -5.8194151e+00
  -2.7875618e+00  -4.9494234e+00
  -3.0518747e-01  -4.3404226e+00
  -7.8861861e-01  -3.9620806e+00
  -1.0983790e-01  -4.7058960e+00
  -2.2785810e+00  -3.2011201e+00
  -1.1879055e+00  -4.7441280e+00
  -5.6236468e-01  -4.2924203e+00
  -9.6311907e-01  -4.2400879e+00
   5.5776375e-02  -3.6524110e+00
  -1.5727078e+00  -4.1219582e+00
  -1.3152171e+00  -4.6285371e+00
  -2.4813191e+00  -4.5729787e+00
  -4.1514967e-01  -4.1143946e+00
  -2.2361053e+00  -4.7809047e+00
  -9.6539298e-01  -5.3275853e+00
  -3.8383688e+00  -5.8779876e+00
   3.7578546e-01  -5.2335097e+00
  -2.1876077e+00  -4.6919358e+00
  -5.5243052e-01  -5.8152346e+00
  -1.3609822e-01  -4.1309050e+00
  -1.5250104e+00  -3.9633050e+00
   1.4105329e+00  -4.3914741e+00
  -1.1320124e+00  -5.3204781e+00
  -9.7502226e-01  -4.6042179e+00
  -1.6982937e+00  -5.7025885e+00
  -1.5019923e+00  -4.7650565e+00
  -3.2198288e-04  -4.9209207e+00
  -7.1608741e-01  -4.1481317e+00
  -1.4375012e+00  -3.5337997e+00
  -2.2473325e+00  -4.5148321e+00
   1.5794370e+00  -3.1808388e+00
  -2.8057194e+00  -4.5285412e+00
   4.0961958e-01  -4.2488810e+00
   1.1728696e+00  -3.3367078e+00
  -1.4660262e+00  -5.0883517e+00
   1.3075959e-01  -5.0114401e+00
   7.6503666e-01  -4.4976822e+00
   8.1485592e-01  -4.3121278e+00
   2.1357120e+00  -3.5372318e+00
  -7.7633569e-02  -3.3057391e+00
   7.4801049e-02  -4.0646771e+00
  -2.0988423e+00  -3.3293074e+00
  -1.4157335e+00  -3.7202204e+00
  -1.7969778e+00  -4.1161710e+00
  -1.8633896e+00  -4.2198583e+00
  -5.5641749e-01  -3.1769315e+00
  -2.4360700e+00  -4.5271574e+00
  -1.7237677e+00  -4.3701266e+00
  -2.4210058e-01  -3.2403206e+00
  -1.3831666e+00  -4.4927917e+00
   1.0253035e+00  -3.6884617e+00
  -4.8629928e-01  -3.5195458e+00
  -8.4611534e-01  -4.0595800e+00
  -1.0566063e+00  -4.8411578e+00
   6.3646959e-01  -3.3457842e+00
  -2.1329146e+00  -3.8772145e+00
  -3.9867218e+00  -4.4512240e+00
  -1.8280662e+00  -4.9345171e+00
  -1.0368298e+00  -5.0723117e+00
  -1.4182750e+00  -5.0432053e+00
  -1.4594780e+00  -4.9557271e+00
  -7.9646375e-01  -3.6076290e+00
  -2.2705126e+00  -4.9810976e+00
  -1.0723837e+00  -5.9054065e+00
   7.0377944e-02  -4.8611054e+00
   1.6249235e+00  -4.4221638e+00
   4.9576834e-01  -3.8986109e+00
  -4.1788177e-01  -4.4681674e+00
  -9.7554033e-01  -4.8263113e+00
  -1.1326951e+00  -4.7049207e+00
   1.8572350e-01  -4.2847002e+00
  -1.9560100e-01  -4.8318602e+00
  -8.8904072e-02  -5.1325514e+00
  -7.4938202e-02  -4.4001711e+00
  -2.6471014e+00  -5.4593488e+00
  -4.5646561e-01  -4.0984661e+00
  -1.8593081e+00  -4.7608477e+00
   2.0850565e-01  -4.0472147e+00
  -4.1848097e-01  -3.6896198e+00
  -1.9864598e+00  -3.6456072e+00
  -1.1886380e+00  -4.6289098e+00
  -1.7281165e+00  -3.6702201e+00
   4.6822419e-01  -4.0902962e+00
  -1.6824562e+00  -4.8842568e+00
  -1.0235473e+00  -3.2564187e+00
   5.6927382e-01  -4.2058959e+00
  -6.6601369e-02  -4.8728764e+00
  -1.7394104e-01  -4.8372170e+00
  -3.4543163e-01  -4.8527035e+00
  -9.9921540e-01  -4.8013184e+00
  -1.1563746e+00  -3.4499438e+00
  -3.4578072e+00  -4.8597789e+00
  -1.6569285e-02  -5.5097178e+00
   1.0759306e+00  -4.3165697e+00
  -1.2612119e+00  -5.0835971e+00
  -1.2271832e+00  -5.1410316e+00
  -8.8168900e-01  -4.7707184e+00
  -7.9961652e-01  -4.1297066e+00
  -1.6419269e+00  -4.0801544e+00
  -1.3067337e+00  -4.2510593e+00
  -2.7204621e+00  -4.3443155e+00
  -2.8296877e+00  -5.0696618e+00
  -2.0463431e-02  -3.5114334e+00
  -2.8395393e+00  -4.1751906e+00
  -1.1981498e+00  -4.0272910e+00
  -4.8186094e+00  -4.0649243e+00
  -7.4565515e-02  -4.8580831e+00
  -1.3613621e+00  -4.7750000e+00
   8.2112696e-02  -5.0614514e+00
  -1.8898189e+00  -4.5655289e+00
  -8.1025643e-01  -4.1448357e+00
  -1.0083968e+00  -3.3232036e+00
  -1.1666157e+00  -4.0791640e+00
  -6.1539568e-01  -3.8699115e+00
  -3.6941497e-01  -3.7952347e+00
  -8.9930775e-01  -4.4399048e+00
   2.7542453e-01  -3.4443368e+00
   1.5373685e-01  -4.0154604e+00
  -1.4714087e-01  -4.3717250e+00
  -3.4334506e+00  -5.6893309e+00
  -1.4596808e+00  -4.7470962e+00
  -7.5528138e-01  -3.2802363e+00
  -7.4566448e-01  -5.7119192e+00
  -1.2640772e+00  -4.7991152e+00
  -1.8640140e-01  -4.4025765e+00
   1.5211941e+00  -4.1317122e+00
  -1.1339311e+00  -4.2096327e+00
  -1.6564614e+00  -3.8241503e+00
  -1.7430327e+00  -5.3349941e+00
  -1.7809757e+00  -5.3097988e+00
  -9.7393409e-01  -4.2877905e+00
   1.8882624e+00  -3.3934791e+00
   8.3162172e-01  -4.1647737e+00
  -1.7323242e+00  -5.3222998e+00
  -2.8592020e+00  -4.0374766e+00
  -1.1209469e+00  -4.0914572e+00
  -3.3156848e-01  -3.9138922e+00
  -8.0319267e-01  -4.5280463e+00
  -1.2067920e+00  -4.6722762e+00
  -2.4947635e+00  -4.3968723e+00
  -1.5694353e+00  -5.3501406e+00
  -9.1900952e-01  -5.5163534e+00
  -1.0944925e+00  -4.4563852e+00
  -2.2378401e+00  -6.6156118e+00
  -1.3691712e+00  -4.1207114e+00
  -1.6260572e+00  -5.1668694e+00
   5.1631251e-01  -3.8735665e+00
  -1.2800706e+00  -3.9405920e+00
  -2.8764088e+00  -4.3025081e+00
  -2.4009115e+00  -3.0477900e+00
   3.4155148e+00  -3.7508726e+00
  -3.1621078e+00  -4.9035417e+00
  -6.4383556e-01  -4.3300380e+00
  -1.9449611e+00  -3.4852363e+00
  -8.9015882e-01  -6.3801584e+00
  -1.4998107e+00  -4.2065195e+00
  -3.8240903e+00  -4.8456377e+00
  -2.5686090e+00  -4.3452835e+00
  -1.2827136e+00  -4.7846097e+00
  -3.8404501e+00  -5.8598750e+00
  -8.8207746e-01  -4.7306456e+00
  -2.1904668e+00  -4.2933203e+00
   4.8668192e-01  -3.7072364e+00
   1.7679817e+00  -4.1033381e+00
  -2.6997087e+00  -4.3619047e+00
  -4.1385919e-01  -5.8732242e+00
  -1.4716169e+00  -4.6205819e+00
  -2.6709040e+00  -4.7557492e+00
   2.6151447e+00  -4.7709112e+00
  -2.9174230e+00  -5.7563034e+00
  -1.4565927e-02  -3.4302882e+00
  -4.7474943e-01  -4.7185484e+00
  -2.8083494e+00  -4.8427564e+00
   3.8583476e-01  -3.9486784e+00
   9.2269331e-02  -4.8968831e+00
  -4.4549934e+00  -5.7726797e+00
  -3.1871586e+00  -3.5936186e+00
  -2.6987862e+00  -4.6738339e+00
  -5.6414191e-01  -2.9376833e+00
  -1.3693797e-01  -3.5470717e+00
  -3.1720745e-01  -3.1223152e+00
  -1.9660781e-01  -6.4703310e+00
  -2.7628257e+00  -4.6851731e+00
  -3.7956727e+00  -4.4959751e+00
  -2.2906944e-01  -4.3303048e+00
  -1.6983124e+00  -4.3058000e+00
  -1.4510275e+00  -5.6208907e+00
  -7.4945302e-01  -3.8605307e+00
   4.5591118e-01  -4.3064157e+00
   5.2442015e-01  -4.1655135e+00
  -2.4091854e+00  -5.6972940e+00
  -5.5142385e-01  -4.4870218e+00
  -4.0762119e-01  -3.7811481e+00
  -9.4535581e-01  -4.8829152e+00
  -1.2674015e+00  -5.0708792e+00
   2.1137428e+00  -3.6478559e+00
   7.5288248e-01  -4.4843830e+00
  -3.3995719e+00  -5.1098007e+00
  -2.4170869e+00  -5.2705819e+00
  -1.6982030e+00  -4.6479961e+00
  -2.2302756e+00  -4.3242353e+00
   1.8434398e+00  -4.8882416e+00
  -9.1996272e-01  -4.1001299e+00
  -1.5799728e+00  -3.9215935e+00
   1.0019896e+00  -4.5735207e+00
  -6.8824563e-01  -4.9664598e+00
  -1.3712598e+00  -3.6121355e+00
  -1.1621384e-01  -4.1105820e+00
  -2.0216776e-01  -4.5666341e+00
  -2.1346826e+00  -5.0746538e+00
  -2.5098881e+00  -4.2476516e+00
   5.9083691e-01  -3.8472161e+00
  -2.8887014e+00  -4.4917775e+00
  -1.2532970e+00  -4.0825347e+00
   1.1972305e+00  -4.1304163e+00
  -1.4827125e-01  -4.7137443e+00
  -7.9793945e-02  -3.9108223e+00
   1.6188715e-01  -2.8586529e+00
  -4.9935926e-01  -4.6551349e+00
  -2.0338791e-02  -4.3571499e+00
  -6.3247481e-01  -4.7229090e+00
  -3.2502515e+00  -5.7023331e+00
   2.8998727e-02  -3.6454162e+00
  -1.8828217e+00  -3.3297962e+00
  -2.2219583e+00  -4.6789069e+00
   1.1774053e-01  -4.3393650e+00
  -1.1838269e+00  -4.1059642e+00
  -1.6972683e+00  -4.9020807e+00
   1.2059043e+00  -4.2914761e+00
  -4.4156749e-01  -5.2677201e+00
   8.0945822e-01  -4.1432125e+00
  -1.3008574e-01  -3.6285796e+00
   6.4526961e-01  -3.9968781e+00
   2.4333128e-01  -4.1344062e+00
  -2.6612435e-01  -4.9804125e+00
   9.0630987e-01  -3.7436686e+00
  -1.6043797e+00  -4.4172430e+00
  -1.8424328e+00  -6.1815422e+00
  -3.2973934e+00  -4.7139763e+00
  -1.5339127e-01  -3.7853212e+00
  -1.5494163e+00  -4.6037843e+00
  -2.3090462e+00  -5.0556169e+00
   1.0883500e+00  -4.9812826e+00
   3.2138591e+00  -3.6956311e+00
  -1.6965136e+00  -5.4145800e+00
  -8.9650527e-01  -4.1678490e+00
  -1.2545322e+00  -4.6447965e+00
  -1.3282753e+00  -2.7259281e+00
  -5.9290764e-01  -4.8621079e+00
   1.4308368e-01  -3.9801923e+00
  -2.1535791e+00  -5.4468535e+00
  -3.0089692e+00  -3.6511274e+00
   4.9299001e-02  -4.0351857e+00
  -1.8217442e+00  -4.8905103e+00
   9.1565385e-01  -3.8241688e+00
  -4.9287049e+00  -5.2941563e+00
  -3.1868614e+00  -6.6937365e+00
   1.1932438e+00  -4.3239274e+00
  -2.5881198e+00  -3.8855380e+00
   1.8404044e-01  -4.2187656e+00
  -3.5313563e+00  -6.2276782e+00
  -2.9486805e+00  -5.7562959e+00
  -1.0911258e+00  -4.4943692e+00
  -1.2769111e+00  -4.3947365e+00
  -3.8916767e+00  -4.8193689e+00
  -5.2124107e+00  -5.3660576e+00
  -2.1425828e+00  -4.5138064e+00
   7.6201901e-01  -3.1523334e+00
   8.3601501e-01  -4.2167987e+00
  -5.9775945e-01  -2.9961529e+00
  -3.7531584e+00  -4.5471575e+00
  -9.0115075e-02  -4.6103123e+00
   1.3807619e-01  -4.2947520e+00
  -1.6564961e+00  -4.5399588e+00
  -1.8931818e-01  -3.7847937e+00
  -1.9050160e-01  -4.1124274e+00
  -5.9049754e-01  -4.3390008e+00
  -3.8174196e+00  -4.8960292e+00
   4.5171477e-01  -4.5853934e+00
  -2.5996566e+00  -3.9322932e+00
  -2.5851632e+00  -5.4075262e+00
   8.9290184e-02  -4.4498305e+00
  -1.8463159e-01  -3.5157214e+00
   1.1355950e+00  -4.8286851e+00
  -2.0545570e+00  -4.6731334e+00
  -9.9849726e-01  -3.9153069e+00
  -7.6006152e-01  -4.4470117e+00
  -3.1542025e+00  -3.9347566e+00
  -1.6809265e+00  -3.5835016e+00
   1.9098653e+00  -4.3997280e+00
  -2.8051278e+00  -5.1898022e+00
  -2.4673836e+00  -5.4551228e+00
   5.5561310e-01  -3.3110130e+00
  -6.5651980e-01  -5.1411052e+00
   4.8943953e-01  -4.6371912e+00
   3.2950220e-01  -3.5353588e+00
   5.5028257e-01  -3.8562438e+00
   1.0466306e+00  -5.4102924e+00
   4.2724484e-01  -3.5273380e+00
  -1.9173683e+00  -3.9182004e+00
  -1.1375484e+00  -3.7949296e+00
  -2.7396362e+00  -3.9561495e+00
  -2.0669667e+00  -5.3984514e+00
  -1.8590651e+00  -4.4242955e+00
   8.4165661e-01  -3.1404932e+00
  -1.3247734e+00  -4.7260847e+00
  -1.3593109e+00  -3.8374573e+00
  -3.0684432e-01  -4.4219149e+00
  -4.9738391e-01  -4.1065002e+00
  -1.8243475e+00  -4.6012451e+00
  -1.6150627e+00  -4.5527212e+00
   1.7012079e-01  -4.0887211e+00
  -3.1833873e-01  -3.7233823e+00
  -5.8285745e-01  -4.1379234e+00
  -7.3903113e-01  -3.7342703e+00
  -1.1442415e+00  -4.5160665e+00
  -1.4098657e+00  -5.5429309e+00
  -1.2613345e+00  -5.4587337e+00
  -2.0047570e+00  -4.4517974e+00
  -4.0845526e-01  -4.7081680e+00
  -2.7526644e+00  -5.4563797e+00
  -2.9284027e+00  -4.5110222e+00
  -4.5887478e-01  -4.6439441e+00
  -1.0635266e+00  -4.3417978e+00
  -2.0202249e+00  -5.0579022e+00
   1.5860281e+00  -3.7190544e+00
  -7.1375425e-01  -3.7176945e+00
   1.0923493e-01  -3.9921255e+00
  -4.7117159e-01  -4.2200744e+00
  -3.0405633e+00  -4.3335612e+00
  -1.5140317e+00  -5.2028806e+00
  -1.4365577e+00  -3.9836229e+00
   1.1858811e+00  -5.7834939e+00
  -1.5375972e+00  -4.0202775e+00
  -2.4717764e+00  -4.5328279e+00
  -1.9219323e+00  -5.3759604e+00
   3.7334781e-01  -5.3755049e+00
  -5.0682570e-02  -4.5234640e+00
   1.3291023e+00  -3.6444603e+00
  -3.6187534e-01  -4.6354823e+00
  -8.2653171e-01  -3.5436507e+00
  -1.1652664e+00  -5.0568319e+00
  -7.6880432e-01  -4.0189469e+00
  -8.9539547e-02  -3.2068015e+00
  -1.3310661e+00  -5.0730792e+00
  -2.6552586e+00  -4.9758399e+00
   2.6242676e-01  -4.6579796e+00
  -4.8217574e-01  -4.5864388e+00
   7.8774371e-01  -3.9836523e+00
  -1.3985545e+00  -3.9511358e+00
  -1.1412757e-01  -4.6567402e+00
  -1.5322950e+00  -4.7484828e+00
  -2.3311051e+00  -6.2732094e+00
  -4.1807233e-01  -4.4311998e+00
  -1.9450781e+00  -4.6624126e+00
  -1.6026694e+00  -4.2800504e+00
  -1.8896325e+00  -4.3726479e+00
   4.5453117e-01  -3.9739854e+00
  -1.5087989e-01  -3.4124407e+00
  -7.8576063e-01  -3.8055685e+00
  -7.9436686e-01  -3.7027265e+00
   2.0907711e-02  -4.3325916e+00
  -3.7796552e+00  -4.9095584e+00
  -1.8006441e+00  -5.8613380e+00
  -7.3625653e-01  -5.1801781e+00
  -9.9094247e-02  -4.4564308e+00
  -1.6572501e+00  -3.7915168e+00
  -3.0753855e+00  -4.7969375e+00
   8.9024007e-01  -3.5062152e+00
  -2.2290031e+00  -5.1444530e+00
  -6.3280256e-02  -3.8619350e+00
  -2.6155652e-01  -4.2967819e+00
  -2.2036069e+00  -4.5452161e+00
   5.2297277e-01  -2.9502306e+00
  -2.5298600e+00  -3.9168346e+00
   2.0092975e+00  -3.3145988e+00
  -8.5604750e-01  -4.3174308e+00
  -8.9304692e-01  -5.8094580e+00
  -6.7213588e-01  -5.1496756e+00
   8.5399047e-01  -3.4974678e+00
  -1.2289068e+00  -4.8774362e+00
   1.7019226e-02  -4.4954135e+00
  -5.2095546e-01  -4.8401108e+00
  -7.6068333e-01  -4.4005968e+00
  -1.5674057e+00  -4.3528352e+00
  -6.3697970e-01  -3.7608556e+00
  -2.1636563e+00  -4.6770600e+00
  -4.2135521e+00  -4.3216249e+00
  -1.1158680e-01  -3.9281342e+00
  -1.3873866e+00  -4.0582521e+00
  -1.4772879e+00  -4.6855474e+00
  -9.9189846e-01  -4.8792433e+00
  -1.4653221e+00  -5.6096107e+00
  -3.5281465e+00  -5.0363863e+00
  -5.8309172e-01  -4.4949574e+00
  -1.2320662e+00  -4.7872961e+00
  -1.8168187e-01  -5.0376172e+00
   4.1751918e-01  -4.5771234e+00
  -1.7693614e+00  -4.7594913e+00
  -1.6907960e+00  -4.8600076e+00
  -5.3366458e-02  -4.1162862e+00
  -3.2849021e+00  -5.4462062e+00
   1.6431675e+00  -3.2454686e+00
   4.3660819e-01  -4.6238028e+00
  -5.4250789e+00  -5.6388409e+00
  -1.6553032e+00  -5.1782733e+00
  -2.3793846e+00  -4.5712078e+00
   1.2524154e+00  -3.8244702e+00
  -1.4780218e+00  -4.1655127e+00
   1.0935741e+00  -4.2433901e+00
  -1.9466194e+00  -4.4005516e+00
  -2.2219697e-01  -3.4622911e+00
  -2.9164185e+00  -4.8817779e+00
  -3.3704684e-01  -2.6918788e+00
  -1.0023286e-01  -4.2807486e+00
   6.3339362e-01  -4.7324986e+00
  -1.0226681e+00  -3.2657574e+00
  -2.0003732e-01  -5.7435853e+00
   1.5168462e+00  -4.7689848e+00
   1.2089249e-01  -3.3976344e+00
   1.2624385e+00  -4.5426811e+00
  -2.1420787e+00  -4.7735718e+00
  -6.5825200e-02  -5.9638695e+00
  -2.8819287e+00  -4.2858938e+00
   1.0819974e+00  -4.1670595e+00
  -2.3573835e+00  -4.3073291e+00
  -8.5462381e-01  -3.7792414e+00
  -1.6336399e+00  -4.5621186e+00
  -2.4262120e-01  -4.5327999e+00
  -1.9063525e+00  -4.1372864e+00
  -1.8955910e+00  -4.8691427e+00
  -4.1092556e+00  -5.0750732e+00
  -1.2901725e+00  -5.4733377e+00
   3.9472772e-01  -3.8203863e+00
  -1.4031383e-01  -4.6753556e+00
  -1.1197368e+00  -4.9888835e+00
   1.5127001e+00  -4.3226695e+00
  -3.1401432e-01  -4.0544415e+00
  -1.4096331e+00  -4.1368217e+00
  -3.1334176e+00  -4.8325707e+00
  -2.7108891e+00  -5.1780027e+00
  -9.5098148e-01  -4.6760628e+00
  -2.2229725e+00  -4.7006059e+00
  -1.3834487e+00  -5.4785185e+00
   6.6567000e-02  -3.5211236e+00
   1.0759575e+00  -4.2245839e+00
  -3.2778318e+00  -5.6217382e+00
   2.0430797e-01  -3.4168591e+00
  -1.8657607e+00  -3.2623407e+00
  -4.6831197e-01  -4.7384753e+00
   5.2869583e-01  -3.4967082e+00
   1.2187461e+00  -4.0778565e+00
  -6.6497242e-01  -4.6191883e+00
  -3.0856077e+00  -5.4986336e+00
  -5.8703606e-01  -2.2137223e+00
  -3.3232999e-02  -4.9824442e+00
   3.8738956e-01  -3.7324389e+00
  -1.8657327e+00  -4.5490299e+00
  -1.6866090e+00  -5.6308812e+00
   1.4811857e+00  -3.1717588e+00
  -2.2080377e+00  -5.9891854e+00
  -2.1382622e+00  -4.8128480e+00
  -3.3601460e+00  -4.7219867e+00
  -7.4751318e-01  -5.1121281e+00
  -2.2561016e+00  -6.0809282e+00
  -1.1526592e+00  -3.9840643e+00
  -5.0405814e-01  -4.9113661e+00
  -3.8837176e+00  -3.2067208e+00
   5.7481174e-01  -5.2615332e+00
  -1.5977922e+00  -5.8939558e+00
  -1.1609813e+00  -4.4438467e+00
  -2.3194038e+00  -5.8815629e+00
  -3.5977374e+00  -4.5866867e+00
  -4.1505441e-01  -3.7401117e+00
  -3.4225604e-02  -3.5912660e+00
  -2.1029613e+00  -5.5255492e+00
  -6.9866451e-01  -5.2950763e+00
  -1.1910650e+00  -4.3697598e+00
  -2.4289447e+00  -4.1450611e+00
  -6.3353073e-01  -4.0147748e+00
   6.5549339e-01  -3.7114464e+00
  -1.9995381e+00  -5.0912378e+00
   8.4814959e-01  -3.9564682e+00
  -1.8862442e+00  -4.8759885e+00
  -4.3047451e+00  -6.6516626e+00
  -1.7640622e+00  -4.6604841e+00
  -1.4049820e+00  -3.2324830e+00
  -2.2626069e+00  -5.1645599e+00
   3.1986104e+00  -3.2542624e+00
  -2.0050546e+00  -4.8341699e+00
  -9.9594100e-01  -4.7910286e+00
  -8.7859684e-01  -4.3729352e+00
   6.2255300e-02  -4.6229819e+00
   1.5197646e+00  -4.9356395e+00
   9.9057548e-01  -4.3087030e+00
  -1.5413235e-01  -3.3292413e+00
  -2.1420436e+00  -3.5793962e+00
  -8.4760812e-02  -2.7922184e+00
   1.0008555e-01  -4.5076784e+00
  -3.6954465e+00  -4.7198882e+00
  -3.1144723e+00  -4.2650282e+00
  -1.9273493e+00  -5.4804096e+00
   2.0970243e+00  -4.4255223e+00
  -1.5305145e+00  -3.9336949e+00
  -6.5324768e-01  -4.2542640e+00
  -1.0661478e+00  -5.0005784e+00
  -3.7041676e-01  -4.3846988e+00
  -1.5592986e+00  -4.4167605e+00
  -1.7816588e+00  -4.3047415e+00
  -1.8609309e-01  -4.0993512e+00
  -2.4029374e+00  -5.8232858e+00
   2.1365463e-02  -4.6698570e+00
  -3.4974623e+00  -6.8352621e+00
  -2.3844341e+00  -5.3004349e+00
   1.8811336e-01  -2.8004453e+00
  -1.7968438e+00  -3.4284577e+00
  -2.1839537e+00  -3.9186409e+00
   9.4040969e-01  -2.8545179e+00
   6.6833052e-01  -2.9746633e+00
  -2.3280446e-01  -5.1055173e+00
  -6.3679674e-01  -5.4664490e+00
  -1.7187851e+00  -4.5535297e+00
  -3.9782693e-01  -3.4801198e+00
   1.0573909e-01  -5.0269035e+00
  -6.6917398e-01  -4.7993724e+00
   1.8973010e+00  -4.6172719e+00
  -4.3893127e-01  -3.7271126e+00
  -7.7263997e-01  -4.3490325e+00
  -3.5911837e+00  -5.5035091e+00
  -9.8322779e-01  -4.0470334e+00
   9.8423634e-01  -4.1388379e+00
  -1.7892040e+00  -5.1581288e+00
  -1.3382468e+00  -3.9395832e+00
  -4.4107946e-01  -3.7097139e+00
  -1.1523112e+00  -4.7769147e+00
  -9.2812352e-01  -6.1484613e+00
  -7.9616285e-02  -2.4035269e+00
  -1.3108472e+00  -4.1509477e+00
  -2.4647415e+00  -4.6352062e+00
  -1.6081406e+00  -5.1796186e+00
   9.2889882e-01  -4.0194117e+00
  -8.7662836e-01  -2.9518278e+00
  -1.9794631e-01  -3.7275435e+00
  -9.2118008e-01  -3.9459176e+00
  -2.3679276e+00  -3.5624655e+00
  -1.9115179e+00  -4.9042467e+00
  -1.2918226e-01  -3.1268582e+00
  -1.5673728e+00  -4.7624779e+00
  -2.2739232e+00  -5.2112148e+00
  -9.5343830e-01  -4.1782415e+00
  -2.3017992e+00  -2.9727846e+00
  -2.9647111e-01  -4.2053323e+00
   1.0179737e+00  -4.0440567e+00
  -3.7594050e-02  -5.0846856e+00
  -1.7518083e+00  -3.5193089e+00
   1.3779554e+00  -4.9153883e+00
  -1.0260442e+00  -5.0026176e+00
  -2.9092130e+00  -4.0274667e+00
  -2.1508121e-01  -4.2387504e+00
   4.0229442e-01  -4.6541863e+00
  -9.6900713e-01  -4.1041197e+00
  -1.3444498e-01  -2.9263753e+00
  -1.2116359e+00  -2.9306107e+00
  -2.5797671e+00  -3.6493145e+00
   7.4622959e-01  -4.2905515e+00
  -2.1308790e+00  -5.5375872e+00
  -7.9176824e-01  -3.3687136e+00
  -4.6160033e-01  -4.6849719e+00
   1.9400950e+00  -3.3319138e+00
  -2.1716868e+00  -4.7344539e+00
  -6.4570581e-01  -2.4568338e+00
   1.5465793e+00  -3.7588069e+00
   1.7121541e+00  -4.3558312e+00
  -1.3772804e+00  -3.4587277e+00
  -4.2584413e-01  -4.2927540e+00
  -1.4887099e+00  -3.9368421e+00
  -1.9649600e+00  -5.8226450e+00
  -2.4405144e+00  -2.7302352e+00
  -1.0480197e+00  -4.7269206e+00
  -3.6929177e-01  -4.8976025e+00
  -1.7519127e+00  -5.4176399e+00
  -1.1061344e+00  -5.5072581e+00
  -1.4784348e-02  -4.6319238e+00
  -5.1223958e-01  -3.5825364e+00
  -1.8356435e+00  -2.9943263e+00
   1.8556113e+00  -3.5325572e+00
  -8.6134961e-01  -4.3372591e+00
  -8.8826402e-01  -4.1678552e+00
  -2.4424609e+00  -4.0203352e+00
  -1.3318631e+00  -4.2932577e+00
  -1.8341206e+00  -5.3690589e+00
  -2.3500928e+00  -5.0143265e+00
  -8.3725534e-01  -5.1673573e+00
   2.3691223e+00  -4.0816863e+00
   6.1409332e-01  -3.9877514e+00
  -4.4114679e+00  -4.6939621e+00
  -2.4211736e-02  -3.7215758e+00
  -1.9303456e+00  -4.6526488e+00
  -2.3683415e+00  -4.5338942e+00
  -1.1201891e+00  -4.3326430e+00
  -5.2582877e-02  -5.2181209e+00
   1.5083118e-01  -4.7597808e+00
   1.2807196e+00  -4.7324165e+00
   5.9549809e-01  -4.9887405e+00
  -8.3382842e-02  -4.1958754e+00
  -2.0812879e+00  -3.5978747e+00
   3.3032027e-01  -3.5433227e+00
  -1.6100822e+00  -5.7677417e+00
  -3.4748395e+00  -4.4725516e+00
  -2.0995459e+00  -6.1004538e+00
  -2.5411639e+00  -4.6936702e+00
  -1.5052444e+00  -4.5993469e+00
  -1.7209475e+00  -3.9456336e+00
  -6.5472778e-01  -5.3978953e+00
  -5.9924603e-01  -4.0282167e+00
  -2.6207741e+00  -6.0839207e+00
  -5.9568868e-01  -5.1191323e+00
  -2.7153846e+00  -5.3180955e+00
  -1.8987035e+00  -4.6910897e+00
   3.9067732e-01  -3.7418466e+00
  -1.9321155e+00  -3.4985287e+00
  -1.8166007e+00  -4.2195956e+00
  -8.4871733e-01  -4.6617942e+00
  -1.7401330e+00  -3.0594886e+00
  -3.9468656e-01  -4.2671996e+00
  -2.2987106e-01  -4.4794796e+00
  -2.7895638e+00  -4.3278162e+00
  -1.3453316e-01  -3.9454815e+00
  -4.0192293e+00  -6.6144420e+00
   1.7773673e+00  -4.8168219e+00
  -2.3741280e-01  -4.1431267e+00
  -2.6928858e+00  -4.7476407e+00
  -1.4610900e+00  -4.0919661e+00
   9.2300710e-01  -3.1780966e+00
  -3.6027616e+00  -3.3002958e+00
   9.3482040e-01  -4.6622247e+00
  -1.6480598e+00  -4.3614688e+00
   2.9929424e-01  -3.4525540e+00
  -1.5234851e+00  -4.6242110e+00
  -6.0645651e-01  -4.2730880e+00
  -5.1351064e+00  -5.8333629e+00
  -1.4648095e+00  -4.8328622e+00
  -2.9600724e+00  -5.2282633e+00
  -2.6444718e+00  -4.7176902e+00
  -1.4777254e+00  -5.4603229e+00
  -1.1924989e+00  -4.5889090e+00
  -4.0520106e+00  -4.7272926e+00
  -1.2548220e+00  -3.7177516e+00
  -1.1680601e+00  -5.0505279e+00
  -1.0345827e+00  -4.7330757e+00
   1.2715013e+00  -2.7394224e+00
  -3.4067211e+00  -4.0289001e+00
  -2.0004067e+00  -5.0069175e+00
  -2.3210655e+00  -3.8499395e+00
  -2.4809298e+00  -5.2842667e+00
  -5.9859027e-01  -3.3860955e+00
   1.6336169e+00  -4.4048296e+00
  -1.3859687e+00  -3.8105860e+00
  -1.5954973e+00  -5.2307276e+00
   1.2706079e+00  -4.1451675e+00
  -1.2019353e+00  -3.7131833e+00
  -9.7828052e-01  -4.4509522e+00
  -2.6624903e+00  -4.5247278e+00
  -2.2993941e+00  -4.1015837e+00
  -6.0770757e-01  -5.1590114e+00
  -3.0055466e+00  -3.9290491e+00
   8.2378726e-02  -5.0073352e+00
  -3.3566304e+00  -6.4350909e+00
  -2.2493098e+00  -4.5477462e+00
  -2.2561733e+00  -4.8116183e+00
  -1.2958019e+00  -5.6252108e+00
   5.0309927e-01  -4.7037935e+00
  -4.9076114e-01  -3.6472886e+00
  -2.8684721e+00  -5.0258516e+00
  -2.4428984e+00  -4.2367887e+00
  -3.9196212e-01  -5.2925619e+00
   4.8371293e-01  -4.7103742e+00
  -1.3011623e+00  -4.1502249e+00
  -3.8579655e+00  -5.5678648e+00
  -4.5127241e-01  -3.5676500e+00
  -2.5815061e+00  -4.2017211e+00
  -1.1830620e+00  -3.6328249e+00
  -1.6860071e+00  -4.6631019e+00
  -3.0193157e+00  -4.8551308e+00
   1.3320157e+00  -3.7971005e+00
  -1.7298387e+00  -4.5816044e+00
  -6.3214408e-01  -4.2733930e+00
  -1.4512642e+00  -4.2724819e+00
  -3.5765465e-01  -4.5348074e+00
  -2.8435693e-01  -3.8244804e+00
  -1.2574500e+00  -4.0260431e+00
  -1.8738980e+00  -4.7990260e+00
  -2.0424807e+00  -4.7329469e+00
  -1.2960421e+00  -3.2430403e+00
  -1.6605025e+00  -4.8144572e+00
   3.9376377e-01  -4.3822796e+00
  -1.2171361e+00  -5.5329500e+00
  -7.1196480e-01  -5.3239303e+00
  -1.6307693e+00  -5.7521842e+00
  -5.4452055e-01  -4.4358698e+00
  -1.4902238e+00  -2.8493837e+00
  -6.7740785e-01  -3.9355703e+00
  -3.8023934e-01  -4.6497378e+00
  -5.7582518e-01  -4.7460979e+00
  -7.9354330e-01  -3.9238112e+00
  -3.0779753e+00  -4.9781290e+00
  -1.0385817e+00  -3.5668228e+00
  -2.3509254e+00  -3.6649127e+00
   6.8566670e-01  -3.6827845e+00
   3.5467419e-01  -4.6781868e+00
  -2.1713879e+00  -4.6519037e+00
  -5.2140376e-01  -3.7017211e+00
  -1.6310818e+00  -6.1246953e+00
  -8.1336677e-01  -4.3213286e+00
  -2.0599996e-01  -4.0849171e+00
  -2.1944467e+00  -6.3414878e+00
   1.1781245e+00  -3.1486503e+00
  -5.5288821e-01  -4.3810314e+00
  -1.5818694e-01  -3.4820334e+00
  -1.1675827e+00  -4.6237810e+00
   6.6536176e-01  -2.8212232e+00
   1.4438646e+00  -4.5777432e+00
  -7.5340393e-01  -3.6403057e+00
  -2.5707294e+00  -3.4273856e+00
  -1.7146827e+00  -3.6169537e+00
   1.0247036e-02  -4.6353359e+00
  -4.1485628e-01  -4.3389003e+00
  -7.2883314e-01  -3.7662376e+00
   9.5172705e-01  -4.7134997e+00
  -1.8465725e+00  -4.7806444e+00
  -3.1160915e+00  -3.8936990e+00
   3.3092803e-01  -4.1895701e+00
  -2.1976630e+00  -5.5663149e+00
  -3.6950801e-01  -4.2580381e+00
  -7.5261090e-01  -4.6692839e+00
  -4.6528397e-01  -3.7834141e+00
  -2.5903941e+00  -4.9891973e+00
  -1.4291290e+00  -4.0484091e+00
  -8.5344065e-01  -4.3176181e+00
  -6.7300816e-01  -4.3532873e+00
  -1.3863423e+00  -2.8731077e+00
   6.2089113e-01  -4.4549672e+00
  -1.0182851e+00  -4.8710370e+00
  -1.4346879e-01  -4.7822537e+00
  -3.8245106e-01  -2.5169310e+00
  -4.2934911e-01  -5.4845431e+00
  -2.0894527e+00  -4.8407698e+00
  -2.0833967e-01  -4.1937218e+00
  -9.3280500e-01  -4.9221113e+00
  -9.3992857e-01  -3.1256097e+00
  -2.4206993e-01  -4.2550953e+00
  -2.5483041e+00  -3.5285643e+00
  -1.1163008e+00  -5.2468486e+00
  -1.5272657e+00  -4.6262780e+00
  -1.6299045e+00  -5.4091044e+00
  -6.1735818e-01  -5.2610654e+00
  -6.3908033e-01  -6.1657416e+00
  -9.7513051e-01  -5.2788073e+00
  -9.4952369e-01  -4.7050033e+00
  -2.5500055e+00  -4.0582050e+00
   5.0127001e-01  -2.9235928e+00
  -5.6650147e-01  -5.2991631e+00
  -6.0364425e-01  -4.8787979e+00
  -1.8780953e+00  -4.9886089e+00
  -1.5405460e+00  -4.5479742e+00
  -2.6378836e+00  -5.9758225e+00
   6.4562716e-01  -4.0207993e+00
   3.6714134e-01  -3.8478073e+00
   7.0981524e-01  -3.9790209e+00
  -2.1424444e+00  -3.9960022e+00
  -1.7524890e-01  -3.9184469e+00
  -8.8742036e-01  -4.4413515e+00
  -1.9046412e+00  -4.1037268e+00
  -1.0756677e+00  -4.4968988e+00
  -2.5324047e-01  -5.1983330e+00
  -2.2435854e+00  -4.5966815e+00
   1.2116956e+00  -3.6438768e+00
  -2.1715617e+00  -4.2538186e+00
  -1.8328804e+00  -4.4403686e+00
  -1.3383743e+00  -4.5734021e+00
   1.8047467e+00  -4.7262610e+00
  -4.8840413e-01  -4.2801656e+00
   8.0042242e-01  -3.7733035e+00
  -2.5191690e+00  -3.3283507e+00
  -8.6426725e-01  -5.7290089e+00
  -1.3911841e+00  -3.9790079e+00
  -2.9658255e+00  -4.9959209e+00
  -1.8264016e+00  -4.2803860e+00
  -1.6455791e+00  -5.1531516e+00
  -3.7872370e-01  -4.1251605e+00
  -8.8713848e-01  -4.8474725e+00
   3.1969776e-01  -5.1385418e+00
  -8.3914148e-01  -4.4409449e+00
  -1.9868914e-01  -4.7691609e+00
  -1.0213799e+00  -5.1335227e+00
  -5.1275617e-01  -6.2514793e+00
   6.9075937e-02  -3.7690812e+00
   5.1406443e-01  -4.1621139e+00
  -2.2510200e+00  -4.6320810e+00
   1.2469091e+00  -4.4934477e+00
  -1.6784541e+00  -5.0728289e+00
  -2.0566173e+00  -4.6751129e+00
  -1.7672939e+00  -4.0419292e+00
   6.1382363e-01  -4.6820662e+00
  -1.9621203e+00  -4.2573438e+00
  -2.4580255e+00  -5.0792087e+00
  -2.3731883e+00  -4.3340092e+00
  -1.9110939e+00  -3.1363393e+00
  -1.1171734e+00  -5.0876347e+00
  -6.5765160e-01  -4.7745651e+00
  -2.9047840e+00  -4.3581449e+00
   2.1581800e-01  -3.9190200e+00
  -4.6227962e-01  -4.0750887e+00
  -1.2981039e+00  -4.1602478e+00
  -8.3040065e-01  -5.2510150e+00
   9.5821322e-01  -2.7716096e+00
  -3.7054223e+00  -6.4876162e+00
   2.3005263e+00  -4.1665845e+00
  -4.5774346e-01  -3.0108252e+00
  -2.4286967e+00  -4.4972610e+00
  -2.3160007e+00  -5.7010185e+00
  -9.0670173e-01  -4.9016485e+00
   1.3365541e+00  -3.9898745e+00
  -1.1165143e+00  -4.7513112e+00
  -2.4481785e-01  -3.9152769e+00
  -1.1617808e+00  -5.3205353e+00
  -2.0643295e+00  -5.3997620e+00
  -7.2427180e-01  -3.7405318e+00
  -1.0230330e+00  -3.9848676e+00
  -3.7196075e+00  -5.9783342e+00
  -1.9292160e+00  -3.9272413e+00
  -9.2218636e-01  -3.8796972e+00
  -1.3663596e+00  -5.2975009e+00
   1.3198905e+00  -3.6619213e+00
  -4.6658440e-01  -3.6439607e+00
  -2.7747733e+00  -5.1195305e+00
  -2.8393733e+00  -5.7429183e+00
  -3.4335510e+00  -3.8987642e+00
  -1.8068484e+00  -5.4203558e+00
  -7.1219487e-01  -5.3229076e+00
  -8.6382751e-01  -4.0275256e+00
  -1.0057891e-02  -4.6877316e+00
  -2.5781996e+00  -4.4714376e+00
   1.3554304e+00  -2.8298460e+00
  -4.4841082e-01  -4.1443054e+00
  -2.4144802e+00  -3.4797261e+00
  -1.2047323e+00  -3.2677112e+00
   1.8432884e+00  -3.6685908e+00
   2.2356930e-01  -5.4643283e+00
  -4.2290000e-02  -3.6919102e+00
  -2.2471575e+00  -4.5334951e+00
  -2.4584326e+00  -5.5060473e+00
  -5.8349249e-01  -3.7610530e+00
   3.4050117e-01  -3.3769711e+00
  -1.3607862e+00  -4.3066493e+00
   3.5036416e+00  -4.1302647e+00
  -1.2559650e+00  -3.6407635e+00
  -7.6850072e-01  -5.2728772e+00
   2.9293188e-01  -4.3825422e+00
   8.8807191e-01  -4.4300309e+00
  -2.0017192e+00  -5.3024943e+00
   2.1137287e+00  -4.3738119e+00
  -1.1587972e+00  -3.7096667e+00
   3.6517265e-02  -3.3762697e+00
   5.3151531e-01  -4.1502067e+00
  -8.7026708e-02  -3.4978614e+00
   4.2011288e-01  -3.8211966e+00
  -2.9440864e+00  -5.0768108e+00
  -5.0929985e-01  -5.0575128e+00
  -1.8147857e+00  -4.1993369e+00
  -2.4263748e+00  -4.6597532e+00
  -2.8918240e+00  -6.7480989e+00
   1.2662164e+00  -4.4014583e+00
  -4.7607605e-01  -4.8309917e+00
  -9.1385208e-01  -4.2503898e+00
  -1.1593339e+00  -5.4959061e+00
  -9.0559424e-01  -3.7314985e+00
   7.0892695e-01  -3.9411421e+00
  -1.8001431e-01  -3.8930873e+00
  -9.8449684e-01  -4.3743902e+00
  -2.1663293e+00  -4.0786298e+00
  -2.4592322e+00  -4.9086560e+00
   3.4695792e-01  -3.7283862e+00
  -2.6328301e+00  -3.5268769e+00
  -3.2633723e-01  -4.7115473e+00
  -1.5910682e+00  -3.9552270e+00
   8.1443413e-01  -5.0703146e+00
  -7.9198072e-01  -3.9875889e+00
  -2.8372786e+00  -4.7429399e+00
  -3.4943702e-01  -4.9828508e+00
  -9.5034981e-01  -5.0775421e+00
   8.3739371e-01  -3.2507056e+00
  -7.0183875e-01  -3.8613700e+00
  -1.9536303e+00  -5.5178820e+00
  -1.9133287e+00  -5.3226894e+00
  -9.4718634e-01  -3.4957201e+00
  -2.1400215e+00  -5.2574451e+00
  -2.1244266e+00  -3.1368939e+00
  -7.1871322e-01  -5.0549077e+00
   3.8224233e-02  -4.2389155e+00
   2.5320911e+00  -4.4843646e+00
  -1.7889741e+00  -4.6175915e+00
  -2.7517651e+00  -4.0846597e+00
  -2.1525853e+00  -4.6299504e+00
  -1.2412652e+00  -3.9316701e+00
   5.0045075e-01  -5.2000973e+00
   5.2749289e-01  -3.6049084e+00
  -3.7193668e-01  -4.0200684e+00
  -2.0106176e+00  -3.9121745e+00
  -2.6367695e+00  -4.5431542e+00
  -2.2153106e+00  -5.6368721e+00
  -2.5728959e+00  -5.0384144e+00
  -2.8435155e+00  -4.5467323e+00
  -1.0530165e+00  -4.0191802e+00
  -2.0410134e+00  -3.7322937e+00
  -1.7395904e+00  -5.8913896e+00
  -2.3735143e+00  -4.4281364e+00
  -7.2655512e-01  -5.4592236e+00
  -2.6934863e+00  -4.1316977e+00
  -2.3531215e+00  -5.2906210e+00
  -2.4800949e+00  -4.4487100e+00
  -2.5555898e-02  -3.2752807e+00
   1.4719901e-01  -5.1418616e+00
  -1.0600557e+00  -3.8331755e+00
  -1.0599947e-01  -3.7608964e+00
   1.8770507e+00  -3.8985621e+00
  -2.3363361e+00  -4.7461674e+00
  -4.7462166e-01  -4.2746532e+00
  -8.6814804e-01  -4.1977484e+00
  -3.7263611e+00  -3.2005160e+00
   1.6207538e-01  -4.6077268e+00
  -1.2096016e+00  -5.4928749e+00
   4.3080573e-01  -3.6061656e+00
  -2.2515351e+00  -4.6038924e+00
  -1.7688040e-01  -3.8374459e+00
   5.5895152e-01  -4.6742459e+00
  -1.2866426e+00  -5.1072903e+00
   1.4622850e-01  -2.6560782e+00
  -1.0148213e+00  -5.0562707e+00
  -2.3712934e-01   3.5704858e-01
  -1.8885258e+00   2.0203877e+00
  -2.5734362e+00   1.6365918e+00
  -4.4882106e+00   2.5116578e+00
  -2.2478322e+00   3.5519395e+00
  -2.2767370e+00   1.0174715e+00
  -1.3913587e+00   1.8528830e+00
  -2.4504377e+00   9.8338937e-01
  -3.0844034e+00  -1.9914468e-01
  -3.8320755e+00  -1.6811352e+00
  -2.5574396e+00   2.8678950e+00
  -3.7550876e-01   3.0260372e+00
  -4.9166375e+00   3.7730294e+00
  -3.5793294e-01   1.6294337e+00
  -3.0940602e+00   1.0235407e+00
   2.1078485e+00   2.3954537e+00
  -3.6479979e+00   1.1343336e+00
  -5.1782275e+00   1.4214263e+00
  -2.2403583e+00   2.0772878e+00
  -2.4920921e+00   2.0356966e-01
  -3.4790558e+00   6.1898024e-01
  -1.4979186e+00   2.0396796e+00
  -1.3762094e-02   2.4225764e+00
  -1.7420813e+00   3.3917586e+00
  -7.7378602e-01  -1.0133716e+00
  -3.1786041e+00   1.0169685e-01
  -2.8099668e+00   2.6138819e+00
  -1.2966617e+00   1.7012426e+00
  -1.0179648e+00   4.8882173e+00
  -4.3342811e-01   1.9247194e+00
  -2.0422928e+00   2.3188951e+00
  -7.2858228e-01   2.0265947e+00
  -2.4956023e+00   2.0700703e+00
  -3.8016485e+00   3.4356692e+00
  -2.4414931e+00  -1.0144163e+00
  -3.0180340e+00   5.5608304e-01
  -3.9164792e-01   1.2670384e+00
  -2.0264330e+00  -1.0717703e-01
  -4.5356052e+00   3.8772770e+00
  -2.7815722e+00  -3.3459362e-01
  -2.2328182e+00   1.3123890e+00
  -3.3959862e-01   3.4399666e+00
  -3.2682605e+00  -1.2150514e+00
  -1.8371164e+00   2.7319430e+00
  -3.9616398e+00   1.1494490e+00
  -1.6846543e+00   1.9515972e+00
  -3.6351862e+00   2.1794602e+00
  -2.7165556e+00   9.2398764e-01
  -2.4643230e+00   5.5490337e-01
   5.2563203e-01   3.4259508e+00
  -1.6758584e+00   1.6974258e+00
  -1.0732488e-01   2.3067549e+00
  -3.6075662e+00   2.7992797e-01
  -3.6274532e+00  -1.5375345e+00
  -4.0234421e+00   6.8455838e-01
  -2.6057462e+00   6.6445799e-01
  -2.3097040e+00   1.7311267e+00
  -8.7882874e-03   2.9044823e+00
  -5.3970847e-01   1.6347058e+00
  -4.3184334e+00  -2.2840295e+00
  -2.4026445e+00   4.6129351e+00
  -3.4538257e+00   2.6589186e+00
  -3.7215151e+00   3.2633833e+00
   9.0902218e-01   3.6191503e+00
  -4.7741767e+00   2.9074616e+00
  -1.3927245e+00   1.1005230e+00
  -9.2282442e-01   3.1608886e+00
  -1.0664551e+00   2.4065257e+00
  -1.9746990e+00   1.2273963e+00
  -2.6044110e+00  -2.4003897e-01
  -2.5786976e+00   1.7771049e+00
  -2.4836511e+00   1.6723589e+00
  -4.8876844e+00   2.2121421e+00
  -1.6637854e+00   3.5340204e-01
  -3.8747480e+00   2.0065025e+00
  -1.6730713e+00   1.6859669e+00
  -1.3979182e+00   3.5415662e-01
  -1.2907294e+00   2.8470080e+00
  -1.7241151e-01   2.8027332e+00
  -2.8412234e+00   1.4469513e+00
  -2.7602120e+00   1.5981556e+00
  -3.7759656e+00   9.1508440e-01
  -2.8637878e+00   8.0952499e-01
  -7.9600230e-01   2.2810452e+00
  -1.7312843e+00   2.6028029e+00
  -3.5196640e+00   8.5565938e-01
  -1.1947745e+00   2.9315254e+00
  -2.7554408e+00  -3.1823203e-01
  -3.6462341e+00   3.9410438e+00
  -2.1364437e+00   1.0589252e+00
  -3.3092138e+00   1.0157585e+00
  -2.4040194e+00   8.9459393e-01
   4.4428773e-01   2.3003773e-01
  -1.4067683e+00   1.9507068e+00
  -1.1728554e+00   2.0911001e+00
  -6.9856570e-01   2.0331307e+00
  -3.0243180e+00   2.4857063e+00
  -1.3836520e+00   2.3313799e+00
  -1.3360742e+00   1.8902975e+00
  -2.1278033e+00   1.3129807e+00
  -6.3252971e-01   2.2299474e+00
  -1.5991189e+00   1.9887065e+00
  -3.9136972e+00   2.8088366e+00
  -3.7689190e+00   2.3608189e+00
  -3.2765348e+00  -4.0662322e-01
  -3.1512887e+00   6.9257006e-01
  -9.2219397e-01   2.2825972e+00
   2.2653132e-01   6.4954558e-01
  -1.3997383e+00   1.7234277e+00
  -2.4406172e+00   3.5981591e-01
  -1.9152145e-01   2.4448752e+00
  -9.0680492e-01   2.7557456e+00
  -3.2243250e+00   6.2349055e-01
  -4.0433183e+00   2.4370476e+00
  -2.0414674e+00   1.1338806e+00
  -5.2193000e-01   2.0543577e+00
  -2.0371617e+00   2.9212866e+00
  -3.9422916e+00   3.6447673e+00
  -4.9963434e+00   1.9021096e-01
  -3.5412178e-01   8.4093778e-01
  -2.7712733e-01   2.9578153e+00
  -3.4104868e+00   2.6036133e+00
  -2.7354635e+00  -7.7615625e-02
  -2.8222140e+00   8.4111970e-01
  -4.1679879e-01   3.1758451e+00
  -3.6952000e+00   2.0758500e+00
  -3.3172068e+00   1.2001649e+00
  -1.5116393e+00   1.2930461e+00
  -2.1503934e+00  -2.7145611e-01
  -1.1844940e+00   2.1333094e+00
  -3.9689026e+00   2.0795575e+00
  -6.0748912e-01   1.5000021e+00
   1.0944681e+00   1.6257682e+00
  -3.0528856e+00   1.7435359e+00
  -2.0031109e+00   1.9341119e+00
   3.3221321e-01   4.0979233e+00
  -1.9374703e+00   2.7251309e+00
  -1.0936165e+00   1.9346859e-01
  -3.3644983e+00   2.7591499e+00
  -1.9370094e+00   4.8848384e-01
  -2.7628083e+00   4.0121256e+00
   1.8908111e+00   2.4753863e+00
   5.6030502e-02   2.9907087e+00
  -2.3221770e+00   4.2768324e+00
  -8.2388343e-01   4.4508174e-01
  -1.5784049e+00   3.5964466e+00
  -5.1222907e-01   1.2359585e+00
  -3.1586223e+00   3.8283642e+00
  -1.9115571e+00   1.9821201e+00
  -2.5100435e+00   2.1164023e-01
  -1.5078579e+00   2.8791942e+00
  -1.5768659e+00   2.0200189e+00
  -4.4551835e+00   8.2939218e-01
  -2.4108315e+00   1.8119699e+00
  -3.4311613e+00   2.7092085e+00
  -3.1916765e+00   2.5177520e+00
  -1.3632603e+00   9.3478077e-01
  -2.3383374e+00   9.7484623e-01
  -4.5762826e+00   1.0020224e+00
  -3.9810664e+00   2.7600492e-01
  -3.6987832e+00   1.2177818e+00
  -1.2887755e+00   1.1154530e+00
  -7.8415242e-01   1.3761046e+00
  -4.0419023e+00   2.9509528e+00
  -1.8576084e+00   3.0840137e+00
  -1.1936828e+00   3.8064203e-01
  -2.7827240e+00   4.1942315e+00
  -2.0415692e+00  -1.3278678e-01
  -2.4500206e+00   1.4222414e+00
  -4.0024824e-01   1.0537902e+00
  -2.4726467e+00   2.8799982e+00
  -3.7375312e+00   1.0201373e+00
  -1.8020960e+00   1.4787307e+00
  -1.7877068e+00  -1.3561338e+00
  -1.7762004e+00   1.4005829e+00
  -3.4820803e+00   2.9163105e+00
  -6.7377960e-01   1.3980440e+00
  -1.3286628e+00   2.2990175e+00
   1.2437472e-01   1.3032006e+00
  -1.7176902e+00   3.9090969e-01
  -3.5014184e+00   2.6522100e+00
  -2.3779054e+00   2.7395918e+00
  -3.4976669e+00   1.0683100e+00
  -2.5126788e+00   2.4810742e+00
  -3.1631522e+00   1.7542971e+00
  -9.8706859e-01   1.7730094e+00
  -7.2768560e-01   3.3500622e+00
  -1.3891866e+00  -5.4692583e-01
  -4.0783031e+00   2.2939716e-01
  -3.2053050e+00   2.6359876e+00
  -2.6746156e+00   1.0445164e+00
  -4.0102503e+00   1.4334536e+00
  -1.4659344e+00   1.7430812e+00
   4.2100855e-01   3.6535850e+00
  -1.3974464e+00  -6.1599926e-02
  -5.6200229e-01   1.3311327e+00
  -1.2393091e+00   2.6365467e+00
  -2.4529460e+00   1.7346789e+00
  -1.6820686e+00   1.2093726e+00
  -3.5870540e+00   2.1929583e+00
  -3.5156405e+00   7.5552373e-01
  -2.2275426e+00  -1.5391634e+00
  -5.4676283e-01   4.3861210e+00
  -4.1777857e-01   1.8786357e+00
  -1.8064658e-02   2.8952082e-01
  -4.1615617e+00   2.7173286e-01
  -3.5721901e+00   2.1481564e+00
  -7.4291176e-01   2.2006513e+00
  -1.7455851e+00   1.8402052e+00
  -5.9147910e-01   2.2936419e+00
  -2.1542012e+00   1.7517205e+00
  -3.1581823e+00   1.5757157e+00
  -3.6268259e+00  -6.3133749e-01
  -2.7010261e+00   1.8195544e+00
  -1.3470539e+00   1.2220493e+00
  -5.4467868e-01   3.1456020e+00
  -1.8343121e+00  -4.5988989e-01
  -2.8080002e+00   1.6355210e+00
  -3.0654982e-01   1.2579391e+00
  -1.9402961e+00   2.9119300e+00
  -5.4382319e-01   1.2457621e+00
  -6.0427775e+00   8.7239343e-01
   1.1987610e+00   2.4581811e+00
  -3.2014793e+00   2.2981015e+00
  -2.0528810e+00   2.4356487e+00
  -1.4732561e+00  -2.6575043e-01
  -3.1177737e+00   2.8090588e+00
  -2.6869204e+00   1.0227611e+00
  -4.4014388e+00   2.3915091e+00
  -3.8708124e+00   3.5510947e+00
  -3.0362030e+00   2.7511706e+00
  -3.0359178e+00   2.1283025e+00
  -4.2991391e+00   2.9564958e+00
  -2.2226439e+00   3.3079472e-01
  -2.5237613e+00   4.5770646e+00
  -3.7618238e+00   2.4574123e+00
  -4.5156391e+00  -1.5801486e+00
  -2.3464361e+00   2.4181908e+00
  -2.0167891e+00   1.3774420e+00
  -1.6098732e+00   1.2957566e+00
  -1.9985741e+00   1.5501305e+00
   8.0758754e-01   3.4750071e+00
  -5.7330698e-01   1.6424247e-01
  -4.5295516e+00   1.2493866e+00
  -9.6833956e-01  -5.5449680e-01
  -2.6648469e+00  -8.0053081e-01
  -2.2560610e+00   2.5501782e+00
  -3.7606422e+00   7.4538732e-02
  -4.3746597e+00   1.4494942e+00
  -1.1152787e+00   2.2076137e+00
  -3.1448503e+00   2.4534986e-01
  -1.8200392e+00   2.2007818e+00
  -2.6085638e+00   2.3965210e+00
  -4.3222586e+00   1.5133627e+00
  -1.3951657e+00   1.2233069e+00
  -7.3082713e-01   3.4484244e+00
  -1.4047179e+00   3.6150793e-02
  -1.5833085e+00   1.4998272e+00
  -1.5786624e+00   1.9513483e+00
   4.6588167e-01   2.3878753e+00
  -2.1882005e+00   3.2410335e+00
  -2.5315997e+00   1.2444492e+00
  -1.2115204e+00  -5.9781757e-01
  -2.5150593e+00   4.9413464e+00
   6.6129655e-01   1.3640254e+00
  -9.1299255e-01   2.6352607e+00
  -1.4950058e+00   3.4790300e+00
   5.3466880e-01   1.0508609e+00
  -6.6674630e-01   2.7910036e+00
  -1.8364399e+00   2.2350536e+00
  -5.4970170e+00  -5.8160460e-01
  -2.4226694e+00   2.5154745e+00
  -1.9243219e+00   2.1423380e-01
  -1.7582999e+00   2.3157939e+00
  -1.6198462e+00   3.1809573e+00
  -2.0699692e+00   7.9644675e-01
  -1.5773517e+00   2.1682228e+00
  -1.1322603e+00   1.7792670e+00
  -1.3329379e+00   2.1385048e+00
  -1.6265794e+00   2.8663721e+00
  -1.9188962e+00   1.1004571e+00
  -3.6165922e+00   1.6867974e+00
  -2.8632886e+00   2.3156689e+00
  -2.1635469e+00   2.8125997e+00
  -3.1479003e+00   1.7778183e+00
  -1.3277077e+00   3.5524425e+00
  -2.1800366e+00   1.6136219e+00
  -3.4565593e+00  -1.8378886e-01
  -1.0289390e+00   1.3326454e+00
  -1.9342476e+00   2.5202958e+00
  -7.5354111e-02   2.5832080e+00
  -1.9563105e+00   1.3715954e+00
   9.5342399e-01   1.4798264e+00
  -6.8975754e-01   2.2897564e-01
   1.3761378e-01   2.5824668e+00
  -1.3303801e+00   3.7816682e+00
  -4.4627848e+00   1.7626114e+00
   2.0098457e-01   3.2388928e+00
   4.6416505e-01   1.1155856e+00
  -1.9481202e+00   5.3408049e-01
  -2.4559339e+00  -4.1418445e-02
  -2.8982722e+00   1.5085028e+00
  -3.2553533e+00   1.5231504e+00
  -2.3441370e+00   3.0479325e+00
  -6.8880318e-01   7.7178431e-01
  -2.7398429e+00   3.2852102e+00
  -2.0639983e+00   3.2657626e+00
  -8.0336233e-01   3.3928752e+00
  -2.7408532e+00   7.8711948e-01
  -3.7338851e+00   3.0764355e+00
  -5.1419563e-01   2.4549040e+00
  -2.3756249e+00   2.4346336e+00
  -3.1428310e+00   5.7632401e-01
  -1.2281688e+00   1.5008625e+00
  -6.4067530e-01  -2.6488190e-01
  -3.7664625e-01   1.1392988e+00
   1.9922796e+00   2.5925749e+00
  -3.5581110e+00   2.6198220e-01
  -5.0333751e+00   7.7148727e-01
  -1.8970154e+00  -3.7176148e-01
  -4.2619823e+00   1.8484230e+00
  -1.4741831e+00   8.9403139e-01
  -2.6408837e+00   1.8974020e+00
  -2.6273082e+00   2.2494153e+00
  -4.1326109e+00   1.6992756e+00
  -2.2927632e-01   1.7912692e+00
  -1.3770217e+00   1.9661889e+00
   4.0298316e-01   2.6135399e+00
  -2.4868278e+00   2.0324177e+00
  -3.6203788e+00   1.0874542e+00
  -5.3490637e-01   2.2500347e+00
  -3.0395829e+00   5.0779823e-03
  -2.5143455e+00   1.2470994e+00
  -3.3109727e+00   9.6726495e-01
  -2.3222861e+00   9.7471960e-01
  -4.4881174e+00   1.5534617e+00
  -1.7702056e+00   1.0405900e+00
   6.1658570e-01   1.1043176e+00
  -2.2182100e+00   1.3212920e+00
  -3.3983812e+00   1.6081332e+00
  -1.9856194e+00   3.1428285e+00
  -3.1144649e+00   2.4706382e+00
  -2.0643264e+00   5.3718360e+00
  -2.6456964e-01   1.9391372e+00
  -2.1805528e+00   1.2247330e-01
  -1.5310610e+00   3.1129017e+00
  -2.4375391e+00   1.1271919e+00
  -3.7549963e-01   2.3964465e+00
  -3.7501839e+00   9.9782707e-01
   1.2048096e+00   4.4198958e+00
  -2.9170890e+00   9.5573573e-01
  -2.5213899e+00  -3.5191048e-01
  -4.8296183e+00   1.5994668e-01
  -1.1741947e+00   1.0186291e+00
  -1.8881474e+00   2.3085242e+00
  -3.0745448e+00   1.2959678e+00
  -2.9620171e+00   2.4989278e+00
  -8.2132145e-01   3.4900038e+00
  -2.6638265e+00   1.4909696e+00
  -6.8396362e-01   3.1839327e+00
  -1.1044148e+00   2.5417552e+00
  -1.1348975e+00  -9.6284843e-01
  -1.1297165e+00   1.7220632e+00
  -3.6895280e+00   1.7377933e+00
  -2.4969985e+00  -6.9256129e-01
   5.3675992e-01   2.8686468e+00
  -3.4496149e+00   1.4056937e+00
  -2.3202279e+00   1.2856514e+00
  -1.1891063e+00   1.1248230e+00
  -2.2482920e+00   2.8733816e+00
  -7.8433453e-01   3.1947946e+00
  -2.9891991e+00   4.8240793e+00
  -2.7403368e+00   6.3573632e-01
  -3.6990408e+00   1.9548648e+00
  -2.1103655e+00   1.5909225e+00
   9.3529438e-02   2.5936889e+00
  -1.6671544e+00   1.6862612e+00
  -1.7274733e+00   1.7621534e+00
  -3.3363797e+00   1.9713544e+00
  -2.3225688e+00   3.1260247e+00
  -1.2657017e+00   2.3671931e+00
  -3.1165745e+00   2.1265013e+00
  -3.2934975e+00   2.6465077e+00
  -1.3470510e+00   1.1905238e-01
  -5.7773646e-01   2.5307620e+00
  -3.0724465e+00   1.8511070e+00
  -1.3337622e+00   2.5181702e+00
   1.5128162e-01   3.0507449e+00
  -1.8977273e+00   1.2849140e+00
  -3.4449824e+00   1.8847855e-01
  -3.3472416e+00   8.5374009e-01
   6.9327132e-01   3.8087500e+00
  -4.1225126e+00   2.7372576e+00
  -1.6681230e+00   3.4688339e-01
  -2.2202231e+00   1.4654431e-01
  -3.5259916e+00   2.7503618e+00
  -3.6942123e+00   1.3235772e+00
  -3.1788449e+00   1.8926205e+00
  -8.3245447e-01   2.3346286e+00
  -1.0726095e+00   1.4499036e+00
  -2.1544644e+00   2.5934290e+00
  -1.0584170e-01   3.0560275e+00
  -3.1553288e+00  -1.3957082e+00
  -5.1048429e+00   3.6558889e+00
  -2.3730511e+00   1.2311305e+00
  -7.6638253e-01   1.4215468e+00
  -4.1271331e+00   4.0854836e+00
  -4.5318227e+00   3.9549250e+00
  -3.1906954e+00   3.3247528e+00
  -2.7415768e+00   1.3313340e+00
  -1.7936264e+00   1.8982551e+00
  -3.3223171e+00   1.0580773e+00
  -5.5904589e+00   1.9987371e+00
  -3.4888773e+00   3.2324168e+00
  -9.8203049e-01   2.0147074e+00
  -1.4577716e+00   3.1960228e+00
  -1.4044991e+00   1.3041401e+00
  -4.3175009e-01   1.3819201e+00
  -1.0888695e+00   3.3011966e+00
  -3.4650485e+00   8.6558976e-01
  -5.4351003e-01   2.9706394e+00
  -2.6729247e+00   2.0966176e-01
  -5.4600779e-01   2.1320209e+00
  -1.9998446e+00   2.9794749e+00
  -2.2162905e-01  -9.0224656e-01
  -3.0193776e+00   1.5728539e-01
  -2.9252492e+00   1.4107761e-01
  -2.3132438e+00   1.9328667e+00
  -1.8668043e+00   1.7950660e+00
  -4.5742745e+00  -3.6563138e-01
  -1.3779185e+00   1.1565209e+00
  -3.6491850e-01   1.2970958e+00
  -2.1525072e+00   3.9299020e+00
  -2.6044551e+00   1.2942248e+00
  -7.5479673e-02   1.1843294e+00
  -1.8063503e+00   1.7959135e+00
  -3.3286402e+00   2.0807115e+00
  -2.1467513e+00   1.2494216e+00
  -2.0888301e-01   2.3455927e+00
  -2.0798664e-01   2.0527706e+00
  -1.7956674e+00   9.6588572e-01
  -2.4633365e+00   2.2316611e+00
   1.7092821e+00   2.5327146e+00
   1.8369496e-02   2.2512870e+00
  -3.2058314e+00   2.3728876e+00
  -3.2929119e+00   1.7447304e+00
  -1.7608399e+00   1.6388020e+00
  -2.7512020e+00   1.7748251e+00
  -1.7523274e+00   3.7692466e+00
  -6.1298352e-01   9.6544141e-01
  -2.3583100e+00   2.9889273e+00
  -9.5987059e-01  -7.0933565e-01
  -7.7283208e-01   1.4817947e+00
  -9.3598995e-01   1.1918245e+00
  -1.8297519e-01   1.5154672e+00
  -4.3607497e+00   2.2795436e+00
  -8.5732640e-01   1.3362765e-01
   3.2272379e-01  -9.6291593e-01
  -2.9537770e+00   1.3481136e+00
  -4.1152386e+00   5.1038760e-01
  -2.4495201e+00   1.0882711e+00
  -7.8967407e-01   1.4102733e+00
  -4.3894620e-02   1.3336592e+00
  -8.5186364e-01   4.7753666e+00
  -8.4829611e-01   1.6578703e+00
  -2.8764720e+00   1.1762549e+00
  -4.0355765e+00   1.6526929e+00
  -2.4314700e+00   3.0335777e+00
  -2.2655931e+00   1.3753163e-01
  -2.3115084e+00  -1.0281185e-01
  -2.6811273e+00   6.6567005e-01
  -1.4725160e+00   2.2747031e-01
  -5.0165261e+00   2.1927044e+00
  -2.7297591e+00   4.6121863e-01
  -3.0289613e+00   2.0596377e+00
  -2.4816162e+00  -1.6430840e-01
  -2.4404966e+00   2.4322801e+00
  -3.6490339e+00   2.4933344e+00
  -7.3368160e-01   6.6672606e-01
  -2.1861824e+00   2.7457130e+00
  -2.5889961e+00  -6.6683901e-02
  -2.9417347e+00   1.9561350e+00
  -3.2325784e-01   1.9519997e+00
  -4.3843067e+00  -9.5297146e-01
   1.7326571e+00   3.2713677e+00
  -1.1022227e+00   1.1783722e+00
  -3.9088152e+00   3.8499256e+00
  -3.2793835e+00   1.6572895e-01
  -1.0887797e+00   1.6754094e+00
  -1.5334551e+00   3.9133072e-01
  -1.7839006e+00   3.4948402e+00
  -5.0181268e+00   1.1699098e+00
  -6.6775181e-01   3.1808464e+00
  -2.5437508e+00   2.5475052e+00
  -2.2268725e+00   1.7496961e-01
  -3.4569955e+00   3.1377447e+00
  -3.3449625e+00   3.4992692e+00
  -3.5801214e+00   2.4447913e+00
  -2.3874011e+00   2.0120734e+00
  -4.3420427e+00  -1.5089962e-01
  -2.7030099e+00   3.6348270e+00
  -2.0176932e+00   1.8817527e+00
  -3.7318000e+00   2.1560393e+00
  -3.4721252e+00   3.6032774e-01
  -3.4176071e+00  -4.7932540e-01
  -4.4438562e+00   1.2381303e+00
  -1.2221426e+00   8.8507309e-02
  -3.4044123e+00   9.8023019e-01
  -6.9657958e-01   1.0442987e+00
  -2.3167165e+00   3.4420069e+00
  -5.9991538e+00   2.2931532e-01
  -2.9591656e+00   3.4598829e+00
  -3.2665327e-01   1.8127512e+00
  -9.5184299e-01   2.9238494e+00
  -1.5968471e+00   1.9365274e-01
  -4.7804063e+00   1.8901095e+00
  -3.8905635e+00   2.7764668e+00
  -2.5727885e+00   9.0266415e-01
  -1.4151152e+00   1.4959735e+00
  -4.3470692e+00   1.3545135e+00
  -1.3242562e+00   2.1351872e+00
  -3.0121593e+00   1.0096710e+00
  -6.1100420e-01   1.9271659e+00
  -1.1469959e+00   1.3352578e+00
  -5.4231191e+00   2.4823962e+00
  -2.5939128e+00   3.0444235e+00
  -2.8084192e+00   1.8316145e+00
  -1.5546905e+00   4.1009709e+00
  -2.2470949e+00   2.5343132e+00
   5.1342043e-01   1.8914109e+00
  -3.4219880e+00   3.7580812e+00
  -2.5780859e+00  -4.8814870e-01
  -1.7094078e+00   1.2702881e+00
  -2.1877174e+00   2.7240499e+00
   8.6442169e-02   4.1933683e+00
  -3.2883642e-01   8.3766067e-01
  -2.6246531e+00   2.5579637e+00
  -3.0671612e+00   3.1464077e+00
  -8.8258587e-01   3.0301323e+00
  -4.2408128e+00  -4.7018239e-01
  -5.0921846e+00  -6.0122283e-01
  -2.2605189e+00   2.2889039e+00
  -2.4166653e+00   1.6708912e+00
  -3.1830573e-01   4.2079752e+00
   1.6360448e+00   1.0485913e+00
  -2.5941717e+00   8.8594440e-01
  -4.4128565e+00   1.1684366e+00
  -2.2077983e+00   1.8083683e+00
  -3.0433591e+00   1.2102015e+00
  -2.5276757e+00   1.5531355e+00
  -6.7746355e-01   1.4128393e+00
   6.5626620e-01   1.7413725e+00
  -2.0137206e+00   5.4661417e-01
  -1.4986633e+00   1.4751592e+00
  -5.6060155e-01   3.9954657e-01
  -1.1181263e+00   4.0532774e+00
  -4.0697043e+00   1.7815473e-01
  -4.0585148e-01   2.4241174e+00
  -3.0646987e+00   2.9344637e+00
   1.2248642e+00   1.3565591e+00
  -7.9165009e-01   2.7100889e+00
   1.0698665e+00   3.6144552e+00
  -2.0170243e+00   2.3008840e+00
  -2.5749647e+00   1.3270007e+00
  -3.2426636e+00   2.4830988e+00
  -4.8694172e+00  -5.8194001e-01
   1.1309602e-01   2.8536854e+00
  -9.5965907e-01   1.2450237e+00
  -6.9882320e-01   2.7646144e+00
  -3.1324057e+00   1.8856013e+00
  -2.7309277e+00   2.3787537e+00
  -2.0601637e+00   1.5388416e+00
  -5.8022720e-01   2.8939142e+00
  -1.5157700e+00  -1.0206887e+00
  -1.8546434e+00   3.1605412e+00
  -5.5044282e-01   1.5156646e+00
  -2.4986646e+00   1.5478768e+00
  -3.0459195e+00   2.1721514e+00
  -4.6313460e-01   2.3403891e+00
  -1.6471687e+00   2.3586510e+00
  -3.2700860e+00   1.8373644e+00
  -3.7825831e+00   1.1657769e+00
  -1.9901207e+00  -9.1125784e-01
  -1.8872177e+00   2.3781306e+00
  -2.2792166e+00   1.5590683e+00
  -2.9892416e+00  -9.1686295e-01
  -1.9809381e+00  -5.3212121e-02
  -3.5489621e+00   3.5903394e+00
  -2.0375912e+00   2.1678616e+00
  -2.5849919e+00   2.2133647e+00
   1.4617655e+00   3.7424226e+00
  -2.3810121e+00   2.4715855e+00
   3.1671536e-01   1.1159411e+00
  -4.0878109e+00   1.2584080e+00
  -2.0668884e+00   2.1954436e+00
  -5.3217205e-01   2.8380587e+00
  -2.5399190e+00   2.2475248e+00
  -5.9997323e-01  -2.9435463e-01
  -1.0418642e+00   3.1266280e+00
  -1.0743536e+00   1.8681271e+00
  -1.3298916e+00  -2.3293231e+00
  -6.1680883e-01   2.3192601e+00
  -1.3680039e-01   2.1166490e+00
  -1.8316160e+00  -8.7884595e-03
  -2.4366911e+00   1.1960859e+00
  -6.7980607e-01   2.0149899e+00
  -2.6192514e+00   1.1932417e+00
  -3.2885657e+00   2.6547306e+00
  -2.8516586e+00   2.0905156e+00
  -1.1190375e+00   2.0038800e+00
  -1.9483618e+00   7.5052785e-01
  -3.2743160e+00   1.1749160e+00
   5.3070793e-01   1.5781549e+00
  -1.3243543e+00   1.5993186e+00
  -1.4464968e+00  -1.6990096e+00
  -6.4078873e-01   1.8645323e+00
  -8.2976271e-01   1.0021268e+00
  -3.2456515e+00   7.8844674e-01
  -1.4466468e+00   2.4308711e+00
  -3.2960862e+00   2.6354631e+00
  -1.6354366e+00   2.6123680e+00
  -1.6009432e+00   6.2398191e-01
  -3.5725159e+00   2.4408136e+00
  -1.8188705e+00   2.4535400e+00
  -2.4923330e+00   1.2963559e+00
  -1.6543924e+00   2.1074724e+00
  -3.8248073e+00   2.5955810e-01
   1.1016286e+00   3.5850428e+00
  -1.5298401e+00   4.1682536e+00
  -2.9583408e+00   1.7159284e+00
  -2.2372148e+00   2.4178647e-01
  -6.5770146e-01   8.6093081e-01
  -3.0230981e+00   1.9084962e+00
  -2.8887444e+00   2.5675876e+00
  -2.7517106e+00   1.0866760e+00
   1.1970278e+00   1.0645263e+00
  -1.0395492e+00   2.6510296e+00
  -2.7942595e+00   1.8126175e+00
  -3.5882394e+00   1.2323200e+00
  -4.2320845e+00   1.3485290e+00
  -2.1608558e+00   1.6734461e+00
  -3.6097119e+00   3.6662453e+00
  -2.5816743e+00  -1.4909406e+00
  -3.5004936e+00   4.0325668e+00
  -9.3507057e-01   3.3111640e+00
  -1.9581193e+00   2.0457440e+00
  -3.1439573e+00   1.0006128e+00
   9.1329610e-01   5.1442076e+00
  -2.6888225e+00   1.2619653e+00
  -2.2588150e+00   1.5210071e+00
  -2.2019603e-01   3.2109049e+00
   1.3986271e-01   1.4065289e+00
  -2.4713740e+00   2.2913936e+00
  -3.2772069e+00   2.2739448e+00
  -4.3052063e+00   5.7127008e-01
  -1.2391983e+00   2.2329915e+00
  -4.0566569e+00  -8.3294677e-01
  -2.0299535e+00  -1.2987292e+00
  -1.2063701e+00   2.1860625e+00
   1.4933887e-01   9.8736606e-01
  -1.0718201e+00  -2.2096813e-01
  -1.4919394e+00   1.1449249e+00
  -2.0852996e+00   7.4270382e-01
  -4.7862795e+00   2.1249857e+00
  -4.8412153e+00   2.6916768e+00
  -2.3846801e-01   5.5373146e-02
  -8.5961658e-01   9.8075343e-01
  -1.8530888e+00   1.2668419e+00
  -2.9184126e+00   1.3433473e+00
  -3.7925302e+00   2.5946381e+00
  -4.8052323e+00   1.2317763e+00
  -7.2381204e-01   2.3678286e+00
  -2.8158085e+00   3.4328057e-01
  -2.6998215e+00   3.0192594e+00
  -5.4527706e+00   3.5112235e+00
  -9.9077801e-01   3.3410583e+00
  -1.3444211e+00   2.7399090e+00
  -3.1248793e+00   9.6324054e-01
  -3.2527758e+00   2.7145514e+00
  -1.1317911e+00   4.1275599e+00
  -6.3674651e-01   1.6611005e+00
  -1.2347272e+00   2.6795405e+00
  -3.9176309e+00   2.6767316e+00
   6.4540689e-01   2.9689890e+00
  -1.7336068e+00   2.9048888e+00
   3.9454111e-01   2.4253603e+00
  -4.3616653e+00   1.7821654e-01
  -2.3958572e+00   1.5009221e-01
  -3.7987264e+00  -9.9066428e-01
  -8.8975207e-01   2.2510569e+00
  -3.5277022e+00   1.4220259e+00
  -7.1012247e-01   3.2540530e+00
  -2.0287186e+00   1.6948101e+00
  -4.3321654e+00   1.1792932e+00
  -2.4575327e+00   8.7785708e-01
   5.9197161e-01   8.1508853e-02
  -3.3798630e+00   1.4142068e+00
  -3.8094784e+00   3.3549314e+00
  -2.9444770e+00   2.7575895e+00
  -5.3886067e-01   2.9486416e+00
  -3.4550713e+00   2.1507128e+00
  -3.0663420e+00   6.5578798e-01
  -2.0662014e+00   2.2443266e+00
  -3.2548811e+00   1.8763252e+00
  -2.6891323e+00  -5.1582218e-01
  -7.5058948e-01   1.3570713e+00
  -3.1118096e+00   1.7685281e+00
  -2.9549517e+00  -2.9496098e-01
   9.1018564e-03   2.6489714e-01
  -3.1994552e+00   3.5236386e+00
   1.8637637e+00  -1.6738332e-01
  -2.1256853e+00   2.0659727e+00
  -1.8233650e+00   2.8391365e+00
  -7.8585117e-01   3.3876175e+00
  -2.3286524e+00   1.9771587e+00
  -2.9290098e+00   2.5078642e+00
  -1.9398833e+00   2.0944735e+00
  -2.8900171e+00   8.4340577e-01
  -4.1123064e+00   1.0056776e-01
  -3.4314772e+00   2.7291677e+00
  -2.6180219e+00   3.1002948e+00
  -2.1181108e+00   1.8298589e+00
  -1.3782111e+00   1.8113671e+00
  -4.8635887e+00   3.1193402e+00
  -2.6655203e+00   1.3822726e+00
  -4.5984168e+00  -2.9039595e-01
  -3.0510548e+00   2.8311137e+00
  -2.4696264e-01   1.5039533e+00
  -2.6088105e+00   3.7994552e+00
   1.1003145e+00   3.6192408e+00
  -1.0882006e+00   3.1663117e+00
  -2.9243267e+00   3.0072188e+00
  -3.1500351e+00   2.0495799e+00
  -1.2559116e+00   2.7974616e+00
  -4.0040905e-01   1.4137773e+00
  -2.8354645e-01   2.2345506e+00
  -2.9230452e+00   2.5374198e+00
  -3.6233093e+00   1.2197658e+00
  -2.4901392e+00   3.1677452e+00
  -2.2957708e+00   5.8632956e-01
  -1.7036166e+00   2.3110035e+00
  -3.4471534e+00  -6.5110430e-01
   2.0095202e-01  -6.5996046e-01
  -3.6234881e+00  -9.0850330e-01
  -1.4983505e+00   1.5487602e+00
  -9.7629555e-01   1.5340277e+00
  -3.5623796e+00   1.5218669e+00
  -3.3543406e+00   1.2182929e+00
  -6.7291339e+00   2.4750498e+00
  -1.6745451e+00   2.1913822e-01
  -3.5022828e+00   3.0684410e+00
  -1.5566454e+00   3.4162337e+00
  -1.2296084e+00   1.1210597e+00
  -3.0534929e+00   2.9421788e+00
  -2.1880071e-01   1.7135269e+00
  -2.2211015e+00   1.1494128e+00
  -2.8272895e+00   2.8280346e+00
  -5.8038654e-01   2.1070795e+00
  -4.5483248e-01   2.0573829e+00
  -1.8718072e+00   1.5232701e+00
  -1.8490900e+00   3.1142973e+00
  -3.2376727e+00   2.4480636e+00
  -7.0202092e-01   4.3075292e+00
  -3.7535680e+00   4.9442908e-01
  -9.1823727e-01   4.0962949e-01
   2.7233239e-01  -2.8133625e-01
  -1.7211415e+00   2.6149740e+00
  -3.3079896e+00   4.9234614e-01
  -2.5372397e+00   1.6614288e+00
  -2.2864768e+00   3.2958986e+00
  -3.2670312e+00   1.1019765e+00
  -2.9902981e+00   3.4262344e+00
  -3.9402248e+00   6.9124054e-01
  -2.0087307e+00   2.6279924e+00
   4.6877131e-01   3.1825138e+00
  -1.0795746e+00   2.4145999e-01
  -4.7580227e+00   1.6438265e+00
  -3.6170932e+00   2.5368087e+00
  -1.9508129e+00   2.6821844e+00
  -2.5580020e+00   2.0780217e+00
  -2.4105436e+00   1.9705576e+00
  -3.5580165e+00   1.1405051e+00
  -3.5468215e-01  -7.2114119e-02
  -1.3288003e+00   3.8572559e+00
  -2.6154863e+00   1.0796138e-01
  -1.5479770e+00   1.4981749e-01
  -2.2289439e+00   3.3886697e+00
  -3.3716132e+00   1.6728695e+00
  -2.1536654e+00   1.9254788e+00
   1.5014494e-01   3.8369805e+00
  -9.8554203e-01   1.4782967e+00
  -4.3631446e+00   9.0053179e-01
  -2.4181962e+00   1.6405485e+00
  -4.2071194e+00   3.8156445e-01
  -3.8762470e+00   5.6095974e-01
  -9.6261135e-01   1.6474284e+00
  -4.0180429e+00   1.8703463e+00
  -1.1676242e+00   5.6189376e-01
  -1.3429149e+00   6.1375831e-01
  -2.9551329e+00   5.8650858e-01
   9.6245692e-01   2.7434913e+00
  -1.7199132e+00   1.0214685e+00
  -4.0345273e+00   1.8737939e+00
  -1.6205929e+00   2.4153273e+00
  -1.0021230e+00   2.4786812e+00
  -1.7244257e+00   2.6791538e+00
  -3.0674643e+00  -5.6286578e-02
  -1.3784216e+00   1.0566975e+00
  -6.8512966e-01   2.2686364e+00
  -2.6118107e+00   5.1535451e-01
  -3.1908938e+00   4.7995341e-01
  -4.0189708e+00   1.9895103e+00
  -2.5929308e+00   1.2888093e+00
  -4.9417442e+00   1.6305163e+00
  -4.9204251e+00   2.0347305e+00
   2.6741063e-02   2.4591130e+00
   3.2548682e-02   1.3939058e+00
  -9.9483633e-01   2.7232962e+00
  -2.4355059e+00   1.4419440e+00
  -3.1950378e+00   1.4131751e+00
  -1.1627352e+00   2.4206402e+00
  -3.2185659e+00   2.9455235e+00
  -2.3764810e+00   3.9568531e+00
  -2.3395505e-01   2.6788470e-01
  -3.6551846e+00   2.3018770e+00
  -3.2557797e+00   1.9354380e+00
  -2.5771657e+00  -7.3909517e-01
  -4.1885118e+00  -4.0066036e-01
  -3.0972177e+00   2.7995300e+00
  -1.7817751e+00   1.7511143e+00
  -1.2436180e+00  -1.7828495e-01
  -1.6277977e+00   3.7046557e+00
  -2.4233117e+00   7.6452691e-01
  -2.4992174e+00   1.2809498e+00
  -2.6911659e+00   1.3121884e+00
  -3.9578832e+00   2.4322387e+00
  -4.0831503e+00   3.4715729e+00
  -5.5610768e+00   2.6114448e+00
  -3.6345197e-01   2.2343256e+00
  -2.8866284e+00   7.6335614e-01
  -4.2128585e+00   2.4837261e-01
  -2.2216315e+00   1.4633191e+00
  -1.4587805e+00   8.5935379e-01
  -5.7594535e+00   1.4173168e+00
  -3.5955233e-01   3.1517011e+00
   7.7645222e-01   3.2847514e+00
  -4.0598546e+00   1.8343561e-01
  -8.6032843e-01   2.8890796e+00
  -8.3174301e-01   2.4866120e+00
  -4.4006235e-01   1.0076109e+00
  -2.5769619e+00   1.5806730e+00
  -3.5561748e+00   4.4141513e+00
  -2.3218869e+00   3.0663156e+00
  -2.1063957e+00  -2.8315230e-01
  -1.5477884e-01   2.8440422e+00
  -2.8933121e+00   2.4324020e+00
  -1.1137340e+00  -8.2922073e-01
  -9.2080162e-01   1.2890354e+00
  -3.0897640e+00   3.0149731e+00
  -2.0680300e+00   1.0232843e+00
  -2.4898283e+00   2.4279322e+00
  -1.9764838e+00   2.4903597e+00
  -1.7068852e+00   2.1096888e+00
   2.7686436e-01   1.3060770e+00
  -3.1108051e+00   9.0642786e-01
  -2.8118706e-01   2.7583162e+00
  -6.7802039e-04   2.8807344e+00
  -4.7495319e+00   2.0109572e+00
  -3.3506478e+00   9.6086576e-01
  -9.3829154e-01   1.5881743e-01
  -2.7875744e+00   1.2158396e+00
  -1.3267785e+00   5.0122081e-01
  -4.0562806e+00   2.0560201e+00
  -1.1943954e+00   2.2155184e+00
  -2.8581072e+00   1.1588099e-01
  -9.7068657e-01   1.9486884e+00
  -1.6254954e+00   1.5964232e+00
  -1.8210225e+00   1.0656745e-01
  -7.0505848e-01   1.9555526e+00
  -3.1995908e+00   3.2896632e+00
  -1.3859172e+00   3.5578356e+00
  -2.2594227e+00   1.9967073e+00
  -1.3462230e+00   2.8534281e+00
  -3.0972979e+00   1.7987093e+00
  -2.6255520e+00   3.2467084e+00
   8.0971907e-01   1.4740319e+00
  -4.8052759e+00   2.7124005e+00
  -2.7304841e-01   1.6464589e+00
  -1.5043771e+00   1.5283419e+00
  -4.1515797e+00   1.3223176e+00
  -5.6373134e-01   2.8321037e+00
  -1.2079136e+00   1.4255750e+00
  -7.1559212e-02   3.0449485e+00
  -4.1826345e+00   1.6852416e+00
   4.1470853e-03   3.0826596e+00
  -3.0240648e-01   2.4760457e+00
  -1.2089950e-01   4.7439889e+00
  -1.7530696e+00   3.9083126e+00
  -1.8648438e+00   3.0880917e+00
  -2.7150681e-01   2.9026326e+00
  -3.0175526e+00   1.3350688e+00
  -2.3610838e+00  -5.3660403e-02
  -2.6575865e+00   2.3466514e+00
  -1.7302032e-01   2.7541956e+00
  -2.0854146e+00   2.5741114e+00
   9.3401859e-01   2.5172779e+00
  -1.9837853e+00   2.5168556e+00
  -1.8377016e-01   1.3180154e+00
  -1.5250977e+00   2.1341456e+00
  -2.7952945e+00   1.2746213e+00
  -1.5037197e+00  -6.1282206e-01
  -3.9721652e+00   1.8714884e+00
  -2.1024956e+00   2.1693137e+00
  -1.9019537e+00   3.0063327e+00
  -2.3959662e+00   1.3241464e+00
  -1.3789295e+00   2.5410859e+00
  -2.9196350e+00   1.0848826e+00
  -1.4790759e+00   2.2775142e+00
   3.8572377e-01   1.7885833e+00
  -2.8774330e+00   1.3101539e+00
  -2.1191128e+00   2.4188632e+00
  -1.5763999e+00   4.3483718e-01
  -1.1892927e+00   1.6282766e+00
  -1.5856042e+00   3.2305778e+00
  -3.0641833e+00   2.6483211e+00
  -2.5791914e+00   2.2820663e+00
  -1.7900980e+00   9.3242871e-01
   1.1978328e+00   2.5508129e+00
  -5.7131114e-01   4.3342732e-01
  -1.4043929e+00   1.4730635e+00
  -8.5651245e-01   3.3752342e+00
  -2.8801827e+00  -2.3112081e-02
  -1.0113478e+00   3.7530596e+00
  -1.9493883e+00   1.4183364e+00
  -1.9195205e+00   1.4770579e+00
  -3.2315502e+00  -1.1886650e+00
  -1.1437794e+00   1.2423805e+00
   2.8366090e-01   1.0077206e+00
  -4.8662773e+00   3.1290425e+00
  -1.2674657e+00   2.1038600e+00
  -3.4108902e+00   1.1764099e+00
  -1.9582147e+00   2.0811892e+00
  -8.7203850e-01   2.3488807e+00
  -1.3774473e+00   2.9985638e+00
  -4.6849190e+00   9.4943581e-01
  -5.0220287e-01   1.4812256e+00
  -1.2586503e+00   2.1715770e+00
  -3.3728415e+00   1.0934610e+00
  -2.5643479e+00   2.2381881e+00
  -1.4230719e+00   1.1546372e+00
  -2.9032391e+00   3.8245056e+00
  -9.7633905e-01   4.0202593e-01
  -2.7649118e+00   2.4544466e+00
  -2.9013229e+00   6.0270024e-01
   2.3509870e+00   2.3344280e+00
  -1.8796935e+00   7.1540002e-02
  -1.0128686e+00   1.4162673e+00
  -2.4165800e+00   1.8412122e+00
  -2.5341784e+00   3.2543759e+00
  -4.2162180e+00   1.3788625e+00
  -4.2828655e+00  -2.8591860e-01
  -1.8178566e+00   4.8046921e+00
   2.1044381e+00   2.0926086e+00
  -3.8140857e+00  -5.3020368e-01
  -3.6404549e+00   2.1804863e+00
  -2.3577230e+00  -6.9984207e-01
  -1.2219900e+00   3.1913014e+00
  -1.7508438e+00   4.2463078e-01
  -2.5389510e+00   2.0704472e+00
  -1.8867902e+00   1.9255837e+00
  -1.4091517e+00   2.5374689e+00
  -3.3004069e+00   1.6298676e+00
  -2.5020928e+00   1.1674901e+00
  -7.1077454e-01   2.8398594e+00
  -1.3752493e+00   2.6800007e+00
  -1.5421443e+00   3.0354535e+00
  -2.2678842e+00   1.1027699e+00
  -9.0715273e-01   2.9038963e+00
  -1.9164905e+00   2.7081585e+00
  -2.0757486e+00   1.9396860e+00
  -2.6262740e+00  -1.5371223e+00
  -4.0056675e+00  -4.2213218e-02
  -3.9311152e+00   2.8327361e+00
  -5.4310151e+00  -4.1349931e-01
  -3.7985573e+00   3.6078949e-01
   4.3385900e-01   4.0772794e+00
  -1.1503104e+00   1.5333673e+00
  -1.4116155e+00   2.5107076e+00
  -8.3942751e-01  -2.3534080e-01
  -2.7644974e+00   1.2037691e+00
  -7.0559019e-01   2.3030024e+00
  -4.7815604e+00  -2.0234032e+00
  -1.7289710e+00   1.1310219e+00
  -1.0904163e+00  -7.0016806e-01
   2.0288021e+00   2.4845882e+00
   8.1170515e-01   8.5532545e-01
  -2.5651630e+00  -1.0682324e-02
  -3.5365073e+00  -2.8454717e-01
  -3.9140856e+00   3.0507799e+00
  -4.2489410e-01   1.7269423e+00
